230	4.092671171879093E-9	1.0	75
110	1.4324349101576827E-7	0.9859154929577464	44	2	102	82	109	85	173	86	10
111	2.0463355859395463E-9	0.2857142857142857	109
112	2.0463355859395463E-7	0.9803921568627452	77	34	148	190	92	183
113	2.5579194824244332E-8	0.8928571428571428	88	1	157	81	53
114	2.0463355859395463E-9	0.5	105
115	5.115838964848866E-9	0.5	44	106
116	2.66023626172141E-8	0.8666666666666667	1	100
117	8.185342343758185E-9	0.4210526315789474	21	10
118	4.092671171879093E-9	0.5	13	65
119	2.7625530410183875E-8	0.5094339622641509	33	13	59	17	7	29	53	10
10	2.4351393472680606E-7	0.8782287822878229	12	45	37	17	29	132	110	1	100	134	156	3	5	6	105	80	81	119	75	86	53	65	10	98
11	8.185342343758185E-8	0.7272727272727273	1	56	58	157	158	5	104	29	109	42	86	142
12	2.66023626172141E-8	1.0	88	77	1	60	53	21	10
13	1.9030920949237785E-7	0.9073170731707317	33	55	88	45	46	29	1	3	104	6	7	119	53	98	21
14	6.85522421289748E-8	0.9710144927536233	132	1	45	37	6	7	81	84	175
15	1.2278013515637279E-8	0.8571428571428572	11	1
16	1.2278013515637277E-8	1.0	1	106	98
17	1.9133237728534764E-7	0.8617511520737328	77	33	68	29	194	195	163	175	1	155	156	3	157	119	84	51	64	75	10
18	3.376453716800251E-8	0.7021276595744681	1	155	2	5	81
19	6.036689978521662E-8	0.9672131147540984	22	1	58	70	194
120	5.115838964848866E-9	0.5555555555555556	119	185
121	4.092671171879093E-9	0.5714285714285714	77	119
1	5.392094268950706E-7	0.8405103668261563	22	23	26	190	156	157	113	70	75	10	11	33	12	13	14	16	17	18	19	184	143	1	2	3	5	6	7	9	84	20	86	21
122	2.0463355859395463E-9	0.5	119
2	1.6268367908219394E-7	0.8932584269662921	22	44	23	45	46	47	48	29	173	110	50	51	75	34	39	18	185	143	1	5	104	6	7	42	43
123	2.0463355859395463E-9	0.2857142857142857	17
3	7.059857771491435E-8	0.8625	1	13	102	37	5	17	6	81	52	65	10
124	1.0231677929697731E-8	0.2325581395348837	46	92
4	1.53475168945466E-8	0.45454545454545464	11	1	92
125	4.399621509770025E-8	0.7413793103448276	79	112	59	6	17	60
5	2.0872622976583374E-7	0.9444444444444444	33	11	18	29	1	100	2	101	3	102	82	84	86	98	10
126	6.1390067578186394E-9	0.33333333333333337	69	65
6	2.8546381423856676E-7	0.9653979238754324	77	35	13	46	14	132	1	2	3	102	147	92	82	50	85	75	10
7	4.3996215097700266E-8	0.9148936170212767	1	45	2	35	13	14	226	119	60
8	2.4556027031274554E-8	0.5106382978723404	1	2	5	64
129	1.1254845722667504E-8	0.5238095238095237	81	98
9	2.1486523652365237E-8	1.0	1	226
20	1.0231677929697731E-8	1.0	1	29
21	3.785720833988162E-8	0.9487179487179487	132	1	100	12	13	39	65
22	4.297304730473048E-8	0.9545454545454545	1	2	35	105	19	164	54
23	2.2509691445335012E-8	1.0	77	1	2	92
24	8.185342343758185E-9	0.7272727272727273	1
25	2.5579194824244326E-8	0.3676470588235293	1	58	105	17	19
26	3.9903543925821154E-8	1.0	1	100	134	140	42
27	8.185342343758185E-9	1.0	1
28	8.185342343758185E-9	1.0	1
29	1.105021216407355E-7	0.8120300751879699	11	33	34	13	35	36	37	17	39	150	142	155	2	101	5	70	119	40	20	10
130	4.092671171879093E-9	1.0	33
131	8.185342343758185E-9	0.16	33	132	5
132	8.492292681649117E-8	0.8469387755102041	66	77	45	78	14	6	92	150	164	10	175	21
133	1.2278013515637277E-8	1.0	70
134	3.376453716800251E-8	0.9428571428571427	26	59	229	70	64	10
135	1.4324349101576823E-8	0.6363636363636364	105	70
136	1.2278013515637277E-8	0.5714285714285714	70
137	1.9440188066425688E-8	0.3877551020408163	110	7	54
138	9.208510136727958E-9	0.6000000000000001	2
139	2.0463355859395463E-9	0.22222222222222224	39
30	2.0463355859395463E-9	0.07142857142857142	29
31	1.5347516894546596E-8	0.07537688442211055	77	29	81	109
32	2.1486523652365234E-8	0.30882352941176466	1	59	29	60	61
33	6.139006757818641E-8	0.8333333333333334	1	100	13	36	5	105	17	29	119	50	140	54
34	2.7625530410183872E-8	1.0	112	2	157	29	150
35	7.980708785164231E-8	1.0	22	88	6	7	29	84	150
36	6.1390067578186394E-9	1.0	33	29
37	2.823943108596574E-7	0.971830985915493	77	69	14	47	58	29	196	155	3	147	229	70	85	10
38	8.185342343758185E-9	0.0404040404040404	58	29
39	2.6602362617214104E-8	0.6842105263157895	2	29	86	21	43
140	1.637068468751637E-8	1.0	33	58	147	26	65
141	2.0463355859395463E-9	0.4	65
142	1.4324349101576825E-8	0.6363636363636365	11	29	52
143	1.944018806642569E-8	1.0	1	2	79
144	7.162174550788412E-9	0.3684210526315789	59
145	2.0463355859395463E-9	0.5	17
146	1.330118130860705E-7	0.9219858156028368	79	3	17	81
147	3.785720833988161E-8	1.0	78	37	6	60	140
148	4.1949879511760697E-8	0.9111111111111111	56	78	112	68	43
149	3.0695033789093193E-9	1.0	53
40	2.0463355859395463E-9	1.0	29
41	2.0463355859395463E-9	1.0	29
42	5.6274228613337535E-8	0.8208955223880596	66	11	2	68	46	69	26	105	64	65	54
43	4.399621509770026E-8	1.0	66	45	2	79	58	148	39	70
44	5.9343731992246855E-8	0.763157894736842	77	110	45	2	58	70	92	109	51	98	54
45	1.565446723243753E-7	0.9870967741935484	44	13	14	48	132	2	157	225	7	85	10	43	54
46	6.03668997852166E-8	0.9365079365079364	2	13	6	70	42
47	5.013522185551889E-8	0.9423076923076923	2	101	37	70	54
48	3.376453716800252E-8	1.0	66	45	2	59	92	75
49	1.330118130860705E-8	0.52	2	75
150	1.1254845722667504E-8	1.0	132	34	35	29	71
153	1.0845578605479596E-7	0.507177033492823	85
154	7.162174550788412E-9	1.0	155	109
155	1.7393852480486142E-8	1.0	154	189	37	17	18	29	195
156	1.7393852480486142E-8	1.0	1	169	17	10
157	3.376453716800252E-8	0.8918918918918919	11	1	34	45	113	102	17	86
158	1.0231677929697731E-8	1.0	11	58
159	8.185342343758185E-9	1.0	78	79	82
50	4.0926711718790925E-8	1.0	33	2	6
51	4.2973047304730474E-8	0.9545454545454545	66	44	2	58	17	70	98
52	1.2994230970716117E-7	1.0	3	53	142
53	9.208510136727959E-8	0.9473684210526316	55	12	56	13	57	59	113	104	70	119	52	98	10	54
54	8.492292681649116E-8	0.9764705882352942	33	44	22	45	47	58	59	82	60	61	62	42	53
55	1.637068468751637E-8	1.0	13	60	53	86
56	1.7393852480486142E-8	1.0	11	148	109	173	196	53	98
57	9.208510136727958E-9	0.8181818181818182	58	53
58	6.036689978521662E-8	0.7763157894736842	11	44	57	37	19	140	185	158	106	70	71	73	51	43	54
59	3.581087275394206E-8	0.7142857142857143	134	48	104	107	119	163	53	65	164	54
160	2.0463355859395463E-9	0.2857142857142857	79
161	9.208510136727958E-9	0.4090909090909091	81
163	9.208510136727958E-9	1.0	59	17
164	4.092671171879093E-8	1.0	132	22	59
165	3.0695033789093193E-9	0.42857142857142855	51
167	2.0463355859395463E-9	1.0	157
168	2.0463355859395463E-9	0.2	157
169	4.092671171879093E-9	1.0	156
60	2.6193095500026193E-7	0.9481481481481482	176	55	12	147	7	107	190	172	75	86	54
61	1.5347516894546596E-8	0.7894736842105263	104	92	54
62	1.1868746398449368E-7	1.0	85	54
63	2.250969144533501E-7	0.5069124423963134	77	46	190	81	82	42	75
64	1.2380330294934256E-7	0.9680000000000001	134	17	85	42	98
65	1.4631299439467757E-7	0.8171428571428572	3	59	140	42	21	10
66	4.2973047304730474E-8	1.0	132	100	48	105	51	42	43
67	1.9440188066425688E-8	0.59375	1	17	42
68	1.330118130860705E-8	1.0	148	17	42
69	1.330118130860705E-8	0.3333333333333333	77	37	42
170	4.092671171879093E-9	1.0	79	106
171	2.0463355859395463E-9	1.0	13
172	2.025872230080151E-7	1.0	190	81	60
173	1.5449833673843574E-7	0.9496855345911949	110	56	2	85
174	3.7857208339881605E-8	0.6851851851851851	1	37	6
175	8.185342343758185E-9	0.8	132	102	14	17
176	4.092671171879093E-9	1.0	80	60
177	4.092671171879093E-9	0.5714285714285714	132	45
178	4.092671171879093E-9	0.14285714285714288	18
179	5.115838964848866E-9	0.38461538461538464	57	92
70	6.445957095709572E-8	0.7974683544303798	44	46	47	58	37	29	19	1	134	104	105	51	84	53	98	43
71	1.9440188066425688E-8	1.0	58	109	150
72	8.185342343758185E-9	0.5714285714285714	58	37
73	1.7393852480486142E-8	1.0	58	84	86
74	6.139006757818639E-9	1.0	58
75	2.261200822463199E-7	0.9208333333333334	77	78	79	48	17	184	1	2	6	80	109	60	85	10
76	4.092671171879093E-9	0.18181818181818182	75
77	6.54827387500655E-8	0.8767123287671232	132	44	12	23	112	69	37	6	17	106	75
78	1.2278013515637279E-8	1.0	132	147	148	159	75
79	2.3532859238304783E-8	0.4259259259259259	143	159	105	92	170	75	98	43
180	2.0463355859395463E-9	1.0	7
183	8.185342343758185E-9	1.0	112	105	107
184	2.1486523652365237E-8	1.0	1	86	75
185	1.5347516894546596E-8	0.8823529411764706	2	58
188	7.162174550788412E-9	0.7777777777777778	142
189	1.9644821625019646E-7	1.0	155	190
80	3.069503378909319E-8	1.0	176	101	92	75	10
81	2.066798941798942E-7	0.48910411622276023	100	101	3	14	113	105	18	109	172	10
82	6.752907433600503E-8	0.9705882352941178	110	100	5	159	6	54
83	2.0463355859395463E-9	0.010471204188481674	148
84	1.4017398763685895E-7	1.0	1	35	14	5	17	70	73	85
85	7.571441667976322E-8	0.9487179487179487	110	100	45	37	6	105	84	62	173	64	75
86	9.003876578134003E-8	0.946236559139785	11	55	88	39	184	110	1	157	5	105	106	60	73	10
87	9.208510136727958E-9	1.0	86
88	2.3532859238304783E-8	1.0	12	35	13	113	225	86
89	1.637068468751637E-8	0.4	79	39	70
190	5.1158389648488665E-8	0.9615384615384615	1	112	189	60	109	172
192	3.0695033789093193E-9	1.0	53
193	2.0463355859395463E-9	1.0	109
194	1.1254845722667504E-8	1.0	17	105	19
195	7.162174550788412E-9	1.0	155	17
196	3.171820158206297E-8	1.0	56	37
197	2.0463355859395463E-9	1.0	132
198	4.092671171879093E-9	1.0	18
91	1.0231677929697731E-8	0.41666666666666663	11	18	173
92	6.13900675781864E-8	0.9090909090909091	132	44	23	79	112	48	6	80	109	61
93	2.0463355859395463E-9	0.5	37
94	1.8417020273455917E-8	0.9	86	42
95	1.7393852480486145E-8	0.4473684210526317	33	1	10
96	2.0463355859395463E-9	0.5	79
98	7.059857771491435E-8	0.8961038961038961	44	56	13	79	5	16	70	51	64	53	10
99	4.092671171879093E-9	0.6666666666666666	134	5
200	1.0231677929697731E-8	0.8333333333333334	132	1
201	3.171820158206297E-8	1.0	22
202	2.0463355859395463E-9	0.5	29
203	8.185342343758185E-9	1.0	1
206	4.092671171879093E-9	0.14814814814814814	113
207	2.0463355859395463E-9	0.011494252873563218	148
208	7.162174550788412E-9	0.21212121212121213	59
209	5.115838964848866E-9	1.0	10
212	1.3301181308607052E-8	1.0	175
213	5.115838964848866E-9	0.5	10
214	2.7625530410183875E-8	1.0	6
216	1.2278013515637277E-8	0.8571428571428572	107	81
219	1.2278013515637277E-8	1.0	70
220	5.115838964848866E-9	1.0	10
100	1.4426665880873804E-7	0.7921348314606742	33	66	26	5	81	82	85	21	10
221	2.0463355859395463E-9	1.0	77
101	2.66023626172141E-8	1.0	47	5	104	29	80	81
222	9.208510136727958E-9	0.25	47
102	1.718921892189219E-7	1.0	110	3	157	5	6	175
103	2.0463355859395463E-9	1.0	5
224	2.0463355859395463E-9	1.0	14
104	6.343640316412594E-8	1.0	11	2	101	13	59	105	106	107	70	61	53
225	5.115838964848866E-9	1.0	88	45
105	2.0770306197286395E-7	0.9485981308411215	33	66	22	79	194	183	104	70	81	85	42	86	10
226	4.092671171879093E-9	1.0	7	9
106	2.4556027031274554E-8	0.5714285714285714	77	58	16	104	170	86
107	1.53475168945466E-8	0.8333333333333333	59	104	60	183
108	1.5347516894546596E-8	0.07389162561576353	39	81	60	98
229	4.092671171879093E-9	1.0	134	37
109	2.578382838283828E-7	0.9729729729729729	11	44	110	154	56	190	81	92	71	109	75
