89	2.4556027031274554E-8	0.6	211	49	90
190	2.0463355859395463E-9	0.03846153846153846	63
191	1.1254845722667504E-8	1.0	146
110	2.0463355859395463E-9	0.014084507042253518	137
111	5.115838964848866E-9	0.7142857142857142	137	186
199	5.115838964848866E-9	1.0	95
112	4.092671171879093E-9	0.0196078431372549	125
113	3.0695033789093193E-9	0.10714285714285712	206
114	2.0463355859395463E-9	0.5	25
115	5.115838964848866E-9	0.5	178	25
116	4.092671171879093E-9	0.13333333333333336	32
117	1.1254845722667504E-8	0.5789473684210527	145	25	137	32
90	5.115838964848866E-9	1.0	89	162
118	4.092671171879093E-9	0.5	32
91	1.4324349101576825E-8	0.5833333333333333	168	4	108	174
119	2.6602362617214104E-8	0.49056603773584906	121	122	120
92	6.1390067578186394E-9	0.0909090909090909	179	124	4
93	2.0463355859395463E-9	0.5	4
94	2.0463355859395463E-9	0.1	4
95	2.1486523652365234E-8	0.5526315789473684	199	160	63	174	31
96	2.0463355859395463E-9	0.5	31
97	1.2278013515637277E-8	1.0	108	207	63	31
10	3.376453716800252E-8	0.12177121771217711	220	213	117	209	95
98	8.185342343758185E-9	0.1038961038961039	129	108
11	3.069503378909319E-8	0.2727272727272727	4	15	91
99	2.0463355859395463E-9	0.3333333333333333	137
13	1.944018806642569E-8	0.09268292682926828	118	171
14	2.0463355859395463E-9	0.028985507246376812	224
15	2.0463355859395463E-9	0.14285714285714285	166
17	3.069503378909319E-8	0.13824884792626724	67	145	123	146	25	125
18	1.4324349101576825E-8	0.29787234042553196	198	178	91
19	2.0463355859395463E-9	0.03278688524590164	25
120	4.092671171879093E-9	0.4444444444444445	181
121	3.0695033789093193E-9	0.42857142857142855	205
1	1.0231677929697734E-7	0.1594896331738437	67	24	25	15	27	28	174	200	4	203	116	8	95	32
122	2.0463355859395463E-9	0.5	204
2	1.9440188066425688E-8	0.10674157303370785	49	138	8
123	5.115838964848866E-9	0.7142857142857142	137	131
3	1.1254845722667504E-8	0.1375	146
124	3.376453716800252E-8	0.7674418604651163	125	126	206
4	1.8417020273455917E-8	0.5454545454545455	25	125	91	93	94
125	1.5347516894546596E-8	0.2586206896551724	165	166	144	25	124	4	129
5	1.2278013515637279E-8	0.05555555555555555	99	103	8	131
126	1.2278013515637277E-8	0.6666666666666666	124	208	30	63	131
6	1.0231677929697733E-8	0.03460207612456747	125	214	174
127	8.185342343758185E-9	1.0	177	136	128	129
7	4.092671171879093E-9	0.08510638297872337	137	180
128	2.7625530410183878E-8	1.0	213	127	131
8	2.353285923830478E-8	0.4893617021276595	146	179	138	108
129	1.0231677929697731E-8	0.47619047619047616	125	127	186
21	2.0463355859395463E-9	0.051282051282051266	117
22	2.0463355859395463E-9	0.04545454545454544	201
24	3.0695033789093193E-9	0.2727272727272727	205
25	4.399621509770025E-8	0.6323529411764707	67	144	4	114	125	115	117	131
29	2.5579194824244332E-8	0.1879699248120301	202	38	30	41	31	32
131	4.2973047304730474E-8	0.8400000000000001	123	25	38	126	128	31
132	1.5347516894546596E-8	0.15306122448979592	177	200	131	197
134	2.0463355859395463E-9	0.05714285714285714	99
135	8.185342343758185E-9	0.36363636363636365	182	151
136	9.208510136727958E-9	0.42857142857142855	200	127
137	3.069503378909319E-8	0.6122448979591837	99	111	123	38	138	117	139	108
138	6.1390067578186394E-9	0.4000000000000001	137	8
139	7.162174550788412E-9	0.7777777777777778	144	179	137
30	2.6602362617214104E-8	0.9285714285714286	126
31	1.8826287390643827E-7	0.9246231155778895	95	96	97	131
32	4.8088886269579344E-8	0.6911764705882353	116	117	118	174	76
33	1.2278013515637279E-8	0.16666666666666663	95	130	131
37	8.185342343758185E-9	0.028169014084507046	93	72	174
38	1.944018806642569E-7	0.9595959595959596	137	161	131
39	1.2278013515637279E-8	0.3157894736842105	89	139	108
141	3.0695033789093193E-9	0.6	151
142	8.185342343758185E-9	0.36363636363636365	188
144	1.2278013515637279E-8	0.631578947368421	25	125	139	76
145	2.0463355859395463E-9	0.5	117
146	1.1254845722667504E-8	0.07801418439716312	8	218	191
148	4.092671171879093E-9	0.08888888888888889	207	83
42	1.2278013515637277E-8	0.17910447761194026	67	94	63
44	1.8417020273455917E-8	0.23684210526315783	115
45	2.0463355859395463E-9	0.012903225806451613	177
46	4.092671171879093E-9	0.0634920634920635	124	63
47	3.0695033789093193E-9	0.05769230769230769	222
49	1.2278013515637277E-8	0.48	67	89	76
151	1.0231677929697731E-8	1.0	135	141
152	4.092671171879093E-9	1.0	153
153	1.0538628267588664E-7	0.49282296650717705	217	152
157	4.092671171879093E-9	0.1081081081081081	167	168
51	2.0463355859395463E-9	0.04545454545454545	165
53	5.115838964848866E-9	0.05263157894736842	149	192
54	2.0463355859395463E-9	0.02352941176470589	137
57	2.0463355859395463E-9	0.18181818181818182	179
58	1.7393852480486142E-8	0.22368421052631576	25	38	72	74
59	1.4324349101576825E-8	0.2857142857142857	144	125	208	32
160	5.115838964848866E-9	0.7142857142857142	95
161	1.330118130860705E-8	0.5909090909090909	38	83	162
162	1.9337871287128712E-7	1.0	90	161
165	4.092671171879093E-9	0.5714285714285714	125
166	2.4556027031274554E-8	1.0	125	15
200	2.0463355859395463E-9	0.16666666666666669	136
168	8.185342343758185E-9	0.8	91
202	2.0463355859395463E-9	0.5	63
204	2.1486523652365237E-8	1.0	122
205	5.115838964848866E-9	1.0	121	24
206	2.3532859238304783E-8	0.8518518518518519	124	213
207	1.7598486039080098E-7	0.9885057471264367	97
60	1.4324349101576825E-8	0.05185185185185186	125	108	32
208	2.6602362617214104E-8	0.787878787878788	126
61	4.092671171879093E-9	0.2105263157894737	32
63	2.1895790769553147E-7	0.4930875576036866	210	202	126	227	83	95	97
64	4.092671171879093E-9	0.032	8
65	3.274136937503274E-8	0.18285714285714286	126	118	141
67	1.330118130860705E-8	0.40625000000000006	25	49
69	2.6602362617214104E-8	0.6666666666666667	126
173	8.185342343758185E-9	0.050314465408805034	91
174	1.7393852480486145E-8	0.3148148148148148	91	95	32
175	2.0463355859395463E-9	0.2	212
177	3.0695033789093193E-9	0.42857142857142855	127
210	2.0463355859395463E-9	1.0	63
178	2.4556027031274554E-8	0.8571428571428572	115	228
211	2.0463355859395463E-9	1.0	89
179	8.185342343758185E-9	0.6153846153846154	139	8
213	5.115838964848866E-9	0.5	128	206
215	5.115838964848866E-9	1.0	216	83
216	2.0463355859395463E-9	0.14285714285714288	215
217	4.092671171879093E-9	1.0	153
70	1.637068468751637E-8	0.20253164556962025	133	89	135	136	219
218	1.1254845722667504E-8	1.0	146
72	6.139006757818639E-9	0.42857142857142855	108
75	1.944018806642569E-8	0.07916666666666666	49	63	230	76
76	1.8417020273455917E-8	0.8181818181818182	144	49	32
77	9.208510136727958E-9	0.12328767123287668	121	221	63	31
79	3.171820158206297E-8	0.5740740740740741	89	146	125	160	96
181	2.0463355859395463E-9	1.0	120
182	6.139006757818639E-9	1.0	135
185	2.0463355859395463E-9	0.11764705882352942	120
186	4.092671171879093E-9	1.0	111	129
187	8.185342343758185E-9	1.0	188
188	2.0463355859395463E-9	0.22222222222222224	187
100	3.7857208339881605E-8	0.2078651685393258	116
222	2.7625530410183875E-8	0.75	223
223	3.0695033789093193E-9	1.0	222
105	1.1254845722667504E-8	0.0514018691588785	135	25	114
106	1.8417020273455917E-8	0.42857142857142855	115
227	2.0463355859395463E-9	1.0	63
107	3.0695033789093193E-9	0.16666666666666663	216
228	3.0695033789093193E-9	1.0	178
81	2.1588840431662218E-7	0.5108958837772397	146	216	129	108	161	63	31
108	1.9235554507831738E-7	0.9261083743842364	137	8	91	72	97
82	2.0463355859395463E-9	0.029411764705882356	63
109	7.162174550788412E-9	0.02702702702702703	111	193	31
83	1.9337871287128714E-7	0.9895287958115183	215	161	63
85	4.092671171879093E-9	0.05128205128205127	153
86	5.115838964848866E-9	0.053763440860215055	94	87
