1	47.775338206188
2	11.599011557354808
3	5.632316980805436
4	3.5442776694859535
5	2.5300336416737275
6	1.955994493485567
7	1.5892403240653656
8	1.3368445408435887
9	1.1543621814985776
10	1.0151179456106856
11	0.8970974276853829
12	0.8104131051048452
13	0.7438705070221376
14	0.673291241013212
15	0.625891604230095
16	0.5699608651286823
17	0.5402060448477969
18	0.4995480596527966
19	0.46471619311419354
20	0.43704212949630705
21	0.4190227767947359
22	0.39729967723302645
23	0.38065362392903457
24	0.3651311792230621
25	0.3403701749333742
26	0.32913408895317964
27	0.3097414368540291
28	0.2965910547438755
29	0.2817760673033227
30	0.2794040047075039
31	0.27707355724494503
32	0.25655729654777504
33	0.24744358236383945
34	0.242200075573082
35	0.234001894320866
36	0.22347326560609115
37	0.21356886389021595
38	0.20803405116663864
39	0.203248310841741
40	0.19529982038908486
41	0.19093023139678697
42	0.18489603707408991
43	0.1794444546170326
44	0.17515809589125467
45	0.17049720096613694
46	0.16550338497493935
47	0.16325616777890045
48	0.15335176606302528
49	0.1582623517877029
50	0.14565296640992903
51	0.14207406494957078
52	0.14482066374472943
53	0.13724670949141313
54	0.13595664036035376
55	0.1303385973702565
56	0.12667646564337828
57	0.1217242647854407
58	0.11989319892200159
59	0.11240247493520523
60	0.11668883366098314
61	0.11419192566538437
62	0.10295583968518984
63	0.1054943628140486
64	0.10066700735589094
65	0.09966824415765144
66	0.09405020116755418
67	0.09251044123693493
68	0.09130360237239551
69	0.0917613688382553
70	0.08730854957943747
71	0.08489487185035864
72	0.08510294751665853
73	0.07669669059814264
74	0.07790352946268204
75	0.07628053926554283
76	0.07124510814108528
77	0.07403332206950393
78	0.07270163780518459
79	0.06583514081728792
80	0.06758297641420707
81	0.06575191055076797
82	0.06500283815208834
83	0.06317177228864923
84	0.061257476158690156
85	0.057304038498992085
86	0.0597177162280709
87	0.05780342009811184
88	0.05722080823247212
89	0.05551458776881296
90	0.05447420943731346
91	0.0548071305033933
92	0.053517061372333925
93	0.05085369284369523
94	0.05118661390977506
95	0.050187850711535545
96	0.05097853824347516
97	0.050187850711535545
98	0.046941870317257134
99	0.049147472380036056
100	0.045610186052937776
101	0.04286358725777912
102	0.045610186052937776
103	0.04402881098905855
104	0.04527726498685794
105	0.03866045879852117
106	0.04173997865975966
107	0.04215612999235946
108	0.04065798519500019
109	0.03811946206614143
110	0.038369152865701306
111	0.039451146330460776
112	0.03828592259918134
113	0.03841076799896129
114	0.03637162646922228
115	0.037744925866801615
116	0.035997090269882466
117	0.035039942204902925
118	0.03412440927318337
119	0.0338747184736235
120	0.03404117900666342
121	0.032459803942784186
122	0.03578901460358257
123	0.02900574788220587
124	0.03258464934256412
125	0.03125296507824477
126	0.029297053815025724
127	0.029629974881105563
128	0.029463514348065645
129	0.027674063617886515
130	0.026800145819426944
131	0.028173445217006272
132	0.027882139284186414
133	0.029546744614585604
134	0.027049836618986824
135	0.02551007668836757
136	0.026425609620087127
137	0.025135540489027754
138	0.02413677729078824
139	0.025926228020967366
140	0.0242200075573082
141	0.022805093026468888
142	0.02330447462558865
143	0.024969079955987832
144	0.02251378709364903
145	0.02384547135796838
146	0.022139250894309216
147	0.021681484428449437
148	0.021972790361269295
149	0.02255540222690901
150	0.02089079689650982
151	0.020349800164130086
152	0.022097635761049235
153	0.019725573165230388
154	0.020433030430650045
155	0.02139017849562958
156	0.020474645563910022
157	0.02010010936457021
158	0.019309421832630593
159	0.01997526396479027
160	0.020682721230209925
161	0.018601964567210937
162	0.01781127703527132
163	0.017894507301791283
164	0.017311895436151567
165	0.01856034943395096
166	0.017894507301791283
167	0.017769661902011343
168	0.01681251383703181
169	0.016105056571612153
170	0.017187050036371627
171	0.017353510569411545
172	0.017603201368971425
173	0.01639636250443201
174	0.01664605330399189
175	0.01677089870377183
176	0.01647959277095197
177	0.015855365772052276
178	0.015023063106852681
179	0.014981447973592701
180	0.014482066374472944
181	0.015480829572712457
182	0.015023063106852681
183	0.013941069642093207
184	0.015397599306192496
185	0.013316842643193511
186	0.012526155111253897
187	0.012983921577113675
188	0.012817461044073756
189	0.014440451241212965
190	0.01356653344275339
191	0.013275227509933533
192	0.01335845777645349
193	0.01219323404517406
194	0.013025536710373653
195	0.011319316246714485
196	0.014232375574913065
197	0.012900691310593715
198	0.012775845910813774
199	0.012401309711473959
200	0.012484539977993916
201	0.012442924844733937
202	0.010278937915214992
203	0.010278937915214992
204	0.011527391913014384
205	0.01057024384803485
206	0.011901928112354201
207	0.011693852446054302
208	0.011402546513234444
209	0.011111240580414586
210	0.010195707648695033
211	0.010819934647594728
212	0.011444161646494425
213	0.00911371418393556
214	0.009737941182835256
215	0.01061185898129483
216	0.009987631982395134
217	0.010320553048474972
218	0.00907209905067558
219	0.010112477382175073
220	0.009862786582615194
221	0.010070862248915093
222	0.008655947718075784
223	0.009987631982395134
224	0.009405020116755418
225	0.008864023384375681
226	0.010112477382175073
227	0.00928017471697548
228	0.008697562851335763
229	0.00915532931719554
230	0.008239796385475985
231	0.007490723986796351
232	0.009321789850235459
233	0.008739177984595742
234	0.009821171449355215
235	0.008156566118956026
236	0.008114950985696047
237	0.008447872051775884
238	0.0077404147863562285
239	0.007865260186136168
240	0.007990105585916106
241	0.007782029919616209
242	0.006866496987896655
243	0.0077404147863562285
244	0.006783266721376695
245	0.008031720719176088
246	0.0077404147863562285
247	0.00753233912005633
248	0.006866496987896655
249	0.007199418053976493
250	0.007241033187236472
251	0.007490723986796351
252	0.006533575921816816
253	0.007074572654196553
254	0.006367115388776897
255	0.006408730522036878
256	0.007199418053976493
257	0.006533575921816816
258	0.006450345655296857
259	0.007241033187236472
260	0.007199418053976493
261	0.00603419432269706
262	0.006159039722476999
263	0.006075809455957039
264	0.006200654855736979
265	0.00611742458921702
266	0.007241033187236472
267	0.006075809455957039
268	0.006575191055076797
269	0.0057428883898772015
270	0.006533575921816816
271	0.006283885122256938
272	0.00599257918943708
273	0.006450345655296857
274	0.005326737057277405
275	0.0057428883898772015
276	0.00603419432269706
277	0.00599257918943708
278	0.005160276524237486
279	0.005784503523137182
280	0.00599257918943708
281	0.0052018916574974655
282	0.004910585724677607
283	0.005285121924017425
284	0.005534812723577304
285	0.005867733789657142
286	0.00599257918943708
287	0.005368352190537384
288	0.004993815991197567
289	0.004952200857937588
290	0.005493197590317324
291	0.005077046257717526
292	0.006159039722476999
293	0.004910585724677607
294	0.0047441251916376884
295	0.00461927979185775
296	0.005160276524237486
297	0.004411204125557851
298	0.0055764278568372835
299	0.00445281925881783
300	0.005285121924017425
301	0.00445281925881783
302	0.004494434392077811
303	0.004494434392077811
304	0.004993815991197567
305	0.005285121924017425
306	0.0041198981927379925
307	0.003495671193838297
308	0.004244743592517932
309	0.004702510058377709
310	0.0037037468601381954
311	0.0041198981927379925
312	0.0047441251916376884
313	0.004161513325997973
314	0.004327973859037892
315	0.00461927979185775
316	0.004868970591417628
317	0.004327973859037892
318	0.003995052792958053
319	0.00445281925881783
320	0.00453604952533779
321	0.00457766465859777
322	0.004244743592517932
323	0.0037869771266581553
324	0.0038285922599181348
325	0.0037869771266581553
326	0.0038702073931781143
327	0.003995052792958053
328	0.0029546744614585606
329	0.003204365261018439
330	0.004286358725777911
331	0.0035372863270982766
332	0.003953437659698074
333	0.003995052792958053
334	0.0040366679262180336
335	0.003620516593618236
336	0.004702510058377709
337	0.0036621317268782155
338	0.003620516593618236
339	0.00299628959471854
340	0.0036621317268782155
341	0.00299628959471854
342	0.003953437659698074
343	0.0030379047279785196
344	0.0037037468601381954
345	0.0033708257940583573
346	0.0030795198612384995
347	0.0030795198612384995
348	0.003953437659698074
349	0.0035372863270982766
350	0.0030379047279785196
351	0.0038702073931781143
352	0.0031627501277584594
353	0.0037453619933981754
354	0.0033708257940583573
355	0.0024552928623388036
356	0.00299628959471854
357	0.002538523128858763
358	0.002580138262118743
359	0.0030795198612384995
360	0.0036621317268782155
361	0.003121134994498479
362	0.0030379047279785196
363	0.0029546744614585606
364	0.0026633685286387024
365	0.0030795198612384995
366	0.0024969079955987836
367	0.00299628959471854
368	0.002746598795158662
369	0.0029546744614585606
370	0.003121134994498479
371	0.002913059328198581
372	0.003245980394278419
373	0.001955911263219047
374	0.002913059328198581
375	0.0020807566629989865
376	0.0028714441949386008
377	0.002621753395378723
378	0.0029546744614585606
379	0.0030795198612384995
380	0.0026633685286387024
381	0.0024552928623388036
382	0.002746598795158662
383	0.0030379047279785196
384	0.0028714441949386008
385	0.002580138262118743
386	0.0028714441949386008
387	0.00299628959471854
388	0.0030379047279785196
389	0.002288832329298885
390	0.0024969079955987836
391	0.0023720625958188442
392	0.002913059328198581
393	0.0019975263964790266
394	0.0023304474625588647
395	0.002538523128858763
396	0.0022472171960389053
397	0.0024552928623388036
398	0.002621753395378723
399	0.002538523128858763
400	0.002413677729078824
401	0.0017894507301791283
402	0.0028298290616786213
403	0.0028714441949386008
404	0.0023720625958188442
405	0.002288832329298885
406	0.0024552928623388036
407	0.0024552928623388036
408	0.002122371796258966
409	0.002621753395378723
410	0.002122371796258966
411	0.0020807566629989865
412	0.002122371796258966
413	0.0023304474625588647
414	0.0020807566629989865
415	0.0017478355969191485
416	0.002163986929518946
417	0.001664605330399189
418	0.002621753395378723
419	0.001955911263219047
420	0.002122371796258966
421	0.002163986929518946
422	0.001955911263219047
423	0.0023304474625588647
424	0.0019142961299590674
425	0.0022056020627789254
426	0.0019142961299590674
427	0.0023720625958188442
428	0.0020807566629989865
429	0.0019142961299590674
430	0.0020391415297390065
431	0.001664605330399189
432	0.0019142961299590674
433	0.0022056020627789254
434	0.0020391415297390065
435	0.00149814479735927
436	0.0022056020627789254
437	0.0015397599306192498
438	0.0019975263964790266
439	0.001955911263219047
440	0.0028298290616786213
441	0.0020391415297390065
442	0.0015397599306192498
443	0.0015397599306192498
444	0.001373299397579331
445	0.002122371796258966
446	0.0020391415297390065
447	0.0015813750638792297
448	0.002163986929518946
449	0.0017478355969191485
450	0.0019142961299590674
451	0.0018726809966990877
452	0.001664605330399189
453	0.0017478355969191485
454	0.001955911263219047
455	0.0011652237312794324
456	0.0018310658634391077
457	0.0017062204636591686
458	0.0015397599306192498
459	0.001373299397579331
460	0.002163986929518946
461	0.0017478355969191485
462	0.001373299397579331
463	0.0019975263964790266
464	0.0011236085980194526
465	0.0015813750638792297
466	0.0020807566629989865
467	0.0018310658634391077
468	0.0017062204636591686
469	0.0016229901971392094
470	0.00149814479735927
471	0.0013316842643193512
472	0.0015813750638792297
473	0.0015813750638792297
474	0.0017478355969191485
475	0.0015813750638792297
476	0.0012900691310593715
477	0.0019142961299590674
478	0.00149814479735927
479	0.001206838864539412
480	0.0018726809966990877
481	0.0016229901971392094
482	0.0014149145308393106
483	0.0014565296640992906
484	0.001955911263219047
485	0.0018310658634391077
486	0.0012484539977993918
487	0.0017894507301791283
488	0.00149814479735927
489	0.0014565296640992906
490	0.0014565296640992906
491	0.0015397599306192498
492	0.0012900691310593715
493	0.0013316842643193512
494	0.0011236085980194526
495	0.0019975263964790266
496	0.001664605330399189
497	9.155329317195539E-4
498	9.987631982395133E-4
499	0.001081993464759473
500	7.49072398679635E-4
501	0.001206838864539412
502	0.0014565296640992906
503	0.001081993464759473
504	0.0010403783314994932
505	0.0012484539977993918
506	0.001081993464759473
507	9.987631982395133E-4
508	0.0011236085980194526
509	0.0011236085980194526
510	0.0013316842643193512
511	0.001373299397579331
512	0.0012484539977993918
513	9.571480649795337E-4
514	0.0011236085980194526
515	0.001206838864539412
516	0.001664605330399189
517	0.001206838864539412
518	0.0011236085980194526
519	9.987631982395133E-4
520	0.0014565296640992906
521	9.155329317195539E-4
522	0.001081993464759473
523	0.0013316842643193512
524	0.0011236085980194526
525	0.0012484539977993918
526	0.0017478355969191485
527	0.0011652237312794324
528	9.571480649795337E-4
529	9.155329317195539E-4
530	8.739177984595743E-4
531	0.001206838864539412
532	9.987631982395133E-4
533	0.0011652237312794324
534	0.0011652237312794324
535	0.0012484539977993918
536	0.0010403783314994932
537	0.001081993464759473
538	0.001081993464759473
539	0.0011236085980194526
540	0.0012484539977993918
541	0.0012900691310593715
542	0.001206838864539412
543	0.001081993464759473
544	9.987631982395133E-4
545	0.0012484539977993918
546	0.001206838864539412
547	0.0012484539977993918
548	0.0015397599306192498
549	9.571480649795337E-4
550	0.0011652237312794324
551	0.001206838864539412
552	0.0013316842643193512
553	0.0011236085980194526
554	0.0010403783314994932
555	9.155329317195539E-4
556	9.155329317195539E-4
557	0.001373299397579331
558	9.155329317195539E-4
559	0.0013316842643193512
560	9.987631982395133E-4
561	9.155329317195539E-4
562	0.0012900691310593715
563	9.155329317195539E-4
564	0.0011236085980194526
565	9.987631982395133E-4
566	9.155329317195539E-4
567	0.0011236085980194526
568	9.155329317195539E-4
569	8.323026651995945E-4
570	9.155329317195539E-4
571	6.242269988996959E-4
572	6.658421321596756E-4
573	0.0015813750638792297
574	9.155329317195539E-4
575	0.0012484539977993918
576	0.0010403783314994932
577	0.0012900691310593715
578	8.739177984595743E-4
579	9.155329317195539E-4
580	0.001081993464759473
581	9.571480649795337E-4
582	8.739177984595743E-4
583	0.0012900691310593715
584	8.323026651995945E-4
585	7.906875319396148E-4
586	7.906875319396148E-4
587	8.739177984595743E-4
588	8.323026651995945E-4
589	6.242269988996959E-4
590	0.0011652237312794324
591	0.0010403783314994932
592	5.409967323797365E-4
593	9.571480649795337E-4
594	5.826118656397162E-4
595	5.826118656397162E-4
596	9.571480649795337E-4
597	8.739177984595743E-4
598	8.323026651995945E-4
599	9.571480649795337E-4
600	9.155329317195539E-4
601	0.0010403783314994932
602	0.001081993464759473
603	5.409967323797365E-4
604	9.155329317195539E-4
605	8.739177984595743E-4
606	9.571480649795337E-4
607	0.0011236085980194526
608	4.161513325997972E-4
609	7.49072398679635E-4
610	0.001081993464759473
611	0.0012900691310593715
612	7.49072398679635E-4
613	7.49072398679635E-4
614	8.739177984595743E-4
615	7.906875319396148E-4
616	0.0010403783314994932
617	4.161513325997972E-4
618	0.0010403783314994932
619	7.074572654196553E-4
620	7.074572654196553E-4
621	6.658421321596756E-4
622	6.658421321596756E-4
623	7.906875319396148E-4
624	6.658421321596756E-4
625	0.0012900691310593715
626	7.906875319396148E-4
627	5.409967323797365E-4
628	9.987631982395133E-4
629	7.906875319396148E-4
630	5.826118656397162E-4
631	7.49072398679635E-4
632	7.49072398679635E-4
633	7.074572654196553E-4
634	6.242269988996959E-4
635	7.074572654196553E-4
636	6.658421321596756E-4
637	9.987631982395133E-4
638	6.242269988996959E-4
639	6.242269988996959E-4
640	9.155329317195539E-4
641	9.571480649795337E-4
642	6.658421321596756E-4
643	4.993815991197566E-4
644	7.49072398679635E-4
645	5.826118656397162E-4
646	5.826118656397162E-4
647	6.658421321596756E-4
648	3.745361993398175E-4
649	5.826118656397162E-4
650	6.242269988996959E-4
651	4.5776646585977694E-4
652	6.658421321596756E-4
653	7.074572654196553E-4
654	7.074572654196553E-4
655	6.242269988996959E-4
656	9.155329317195539E-4
657	4.161513325997972E-4
658	6.242269988996959E-4
659	9.571480649795337E-4
660	4.993815991197566E-4
661	5.409967323797365E-4
662	2.496907995598783E-4
663	5.826118656397162E-4
664	6.658421321596756E-4
665	4.993815991197566E-4
666	4.993815991197566E-4
667	4.5776646585977694E-4
668	4.161513325997972E-4
669	5.409967323797365E-4
670	7.074572654196553E-4
671	7.074572654196553E-4
672	6.242269988996959E-4
673	8.323026651995945E-4
674	6.658421321596756E-4
675	2.496907995598783E-4
676	3.745361993398175E-4
677	6.242269988996959E-4
678	4.993815991197566E-4
679	5.826118656397162E-4
680	6.242269988996959E-4
681	4.161513325997972E-4
682	6.658421321596756E-4
683	4.993815991197566E-4
684	2.496907995598783E-4
685	7.074572654196553E-4
686	0.0010403783314994932
687	7.074572654196553E-4
688	6.242269988996959E-4
689	4.993815991197566E-4
690	5.826118656397162E-4
691	7.074572654196553E-4
692	5.826118656397162E-4
693	4.5776646585977694E-4
694	5.409967323797365E-4
695	4.161513325997972E-4
696	4.993815991197566E-4
697	4.993815991197566E-4
698	9.155329317195539E-4
699	5.826118656397162E-4
700	4.993815991197566E-4
701	4.161513325997972E-4
702	5.409967323797365E-4
703	3.745361993398175E-4
704	6.658421321596756E-4
705	2.913059328198581E-4
706	4.5776646585977694E-4
707	5.409967323797365E-4
708	4.161513325997972E-4
709	3.745361993398175E-4
710	6.242269988996959E-4
711	6.242269988996959E-4
712	3.745361993398175E-4
713	6.658421321596756E-4
714	6.242269988996959E-4
715	4.5776646585977694E-4
716	5.409967323797365E-4
717	4.5776646585977694E-4
718	7.906875319396148E-4
719	3.745361993398175E-4
720	6.658421321596756E-4
721	5.409967323797365E-4
722	3.745361993398175E-4
723	4.993815991197566E-4
724	5.409967323797365E-4
725	4.993815991197566E-4
726	8.739177984595743E-4
727	4.5776646585977694E-4
728	4.5776646585977694E-4
729	5.409967323797365E-4
730	9.571480649795337E-4
731	4.5776646585977694E-4
732	5.409967323797365E-4
733	4.993815991197566E-4
734	5.826118656397162E-4
735	3.745361993398175E-4
736	4.993815991197566E-4
737	5.409967323797365E-4
738	7.906875319396148E-4
739	3.329210660798378E-4
740	4.5776646585977694E-4
741	4.5776646585977694E-4
742	4.161513325997972E-4
743	5.409967323797365E-4
744	3.745361993398175E-4
745	7.49072398679635E-4
746	6.658421321596756E-4
747	2.913059328198581E-4
748	5.826118656397162E-4
749	4.5776646585977694E-4
750	5.409967323797365E-4
751	2.496907995598783E-4
752	5.409967323797365E-4
753	5.826118656397162E-4
754	2.913059328198581E-4
755	3.329210660798378E-4
756	7.49072398679635E-4
757	7.49072398679635E-4
758	2.913059328198581E-4
759	8.739177984595743E-4
760	1.664605330399189E-4
761	6.242269988996959E-4
762	4.993815991197566E-4
763	3.329210660798378E-4
764	4.161513325997972E-4
765	5.826118656397162E-4
766	4.161513325997972E-4
767	3.329210660798378E-4
768	2.080756662998986E-4
769	6.242269988996959E-4
770	3.329210660798378E-4
771	5.409967323797365E-4
772	3.329210660798378E-4
773	5.826118656397162E-4
774	2.080756662998986E-4
775	3.745361993398175E-4
776	2.913059328198581E-4
777	3.745361993398175E-4
778	1.664605330399189E-4
779	3.745361993398175E-4
780	4.161513325997972E-4
781	6.242269988996959E-4
782	3.329210660798378E-4
783	4.5776646585977694E-4
784	3.329210660798378E-4
785	3.329210660798378E-4
786	5.409967323797365E-4
787	5.826118656397162E-4
788	5.826118656397162E-4
789	4.5776646585977694E-4
790	3.329210660798378E-4
791	4.161513325997972E-4
792	6.658421321596756E-4
793	1.664605330399189E-4
794	4.161513325997972E-4
795	1.664605330399189E-4
796	4.5776646585977694E-4
797	2.913059328198581E-4
798	5.409967323797365E-4
799	4.993815991197566E-4
800	4.5776646585977694E-4
801	4.161513325997972E-4
802	4.5776646585977694E-4
803	2.496907995598783E-4
804	4.993815991197566E-4
805	1.664605330399189E-4
806	3.745361993398175E-4
807	2.913059328198581E-4
808	4.161513325997972E-4
809	2.496907995598783E-4
810	3.745361993398175E-4
811	5.826118656397162E-4
812	4.5776646585977694E-4
813	2.080756662998986E-4
814	4.161513325997972E-4
815	3.745361993398175E-4
816	5.409967323797365E-4
817	3.329210660798378E-4
818	4.161513325997972E-4
819	3.745361993398175E-4
820	2.913059328198581E-4
821	5.409967323797365E-4
822	3.745361993398175E-4
823	3.329210660798378E-4
824	3.745361993398175E-4
825	1.2484539977993916E-4
826	2.913059328198581E-4
827	2.080756662998986E-4
828	2.913059328198581E-4
829	3.329210660798378E-4
830	3.745361993398175E-4
831	2.496907995598783E-4
832	2.913059328198581E-4
833	2.496907995598783E-4
834	8.323026651995945E-5
835	3.329210660798378E-4
836	2.913059328198581E-4
837	3.329210660798378E-4
838	3.329210660798378E-4
839	4.5776646585977694E-4
840	2.080756662998986E-4
841	4.161513325997972E-4
842	2.496907995598783E-4
843	3.329210660798378E-4
844	2.913059328198581E-4
845	3.745361993398175E-4
846	4.993815991197566E-4
847	3.745361993398175E-4
848	4.993815991197566E-4
849	4.161513325997972E-4
850	4.161513325997972E-4
851	3.329210660798378E-4
852	2.496907995598783E-4
853	2.080756662998986E-4
854	5.409967323797365E-4
855	3.745361993398175E-4
856	2.080756662998986E-4
857	2.913059328198581E-4
858	2.496907995598783E-4
859	1.664605330399189E-4
860	2.080756662998986E-4
861	1.664605330399189E-4
862	6.242269988996959E-4
863	8.323026651995945E-5
864	2.496907995598783E-4
865	4.1615133259979725E-5
866	2.496907995598783E-4
867	4.161513325997972E-4
868	2.496907995598783E-4
869	1.664605330399189E-4
870	1.664605330399189E-4
871	3.745361993398175E-4
872	3.329210660798378E-4
873	1.2484539977993916E-4
874	2.080756662998986E-4
875	3.745361993398175E-4
876	1.2484539977993916E-4
877	3.745361993398175E-4
878	1.664605330399189E-4
879	3.745361993398175E-4
880	2.913059328198581E-4
881	1.2484539977993916E-4
882	2.496907995598783E-4
883	8.323026651995945E-5
884	1.2484539977993916E-4
885	2.496907995598783E-4
886	4.5776646585977694E-4
887	2.913059328198581E-4
888	1.664605330399189E-4
889	2.496907995598783E-4
890	4.993815991197566E-4
891	4.5776646585977694E-4
892	3.329210660798378E-4
893	2.080756662998986E-4
894	3.329210660798378E-4
895	3.329210660798378E-4
896	2.496907995598783E-4
897	2.080756662998986E-4
898	1.664605330399189E-4
899	3.745361993398175E-4
900	3.745361993398175E-4
901	8.323026651995945E-5
902	2.496907995598783E-4
903	1.664605330399189E-4
904	2.080756662998986E-4
905	1.664605330399189E-4
906	1.664605330399189E-4
907	3.329210660798378E-4
908	1.664605330399189E-4
909	1.664605330399189E-4
910	2.496907995598783E-4
911	2.080756662998986E-4
912	2.080756662998986E-4
913	2.913059328198581E-4
914	2.080756662998986E-4
915	2.080756662998986E-4
916	1.2484539977993916E-4
917	3.745361993398175E-4
918	2.080756662998986E-4
919	2.080756662998986E-4
920	2.496907995598783E-4
921	3.745361993398175E-4
922	8.323026651995945E-5
923	8.323026651995945E-5
924	5.409967323797365E-4
925	2.913059328198581E-4
926	2.496907995598783E-4
927	8.323026651995945E-5
928	2.913059328198581E-4
929	1.2484539977993916E-4
930	1.664605330399189E-4
931	2.080756662998986E-4
932	2.913059328198581E-4
933	6.242269988996959E-4
934	3.745361993398175E-4
935	1.664605330399189E-4
936	1.2484539977993916E-4
937	2.080756662998986E-4
938	1.2484539977993916E-4
939	8.323026651995945E-5
940	2.080756662998986E-4
941	2.496907995598783E-4
942	2.496907995598783E-4
943	3.745361993398175E-4
944	1.664605330399189E-4
945	1.2484539977993916E-4
946	2.080756662998986E-4
947	2.080756662998986E-4
948	2.913059328198581E-4
949	1.2484539977993916E-4
950	2.080756662998986E-4
951	1.2484539977993916E-4
952	8.323026651995945E-5
953	2.496907995598783E-4
954	1.2484539977993916E-4
955	2.080756662998986E-4
956	2.913059328198581E-4
957	2.496907995598783E-4
958	2.080756662998986E-4
959	4.1615133259979725E-5
960	3.745361993398175E-4
961	2.496907995598783E-4
962	8.323026651995945E-5
963	1.2484539977993916E-4
964	1.664605330399189E-4
965	8.323026651995945E-5
966	2.913059328198581E-4
967	8.323026651995945E-5
968	1.664605330399189E-4
969	1.664605330399189E-4
970	2.496907995598783E-4
971	2.080756662998986E-4
972	1.664605330399189E-4
973	1.2484539977993916E-4
974	8.323026651995945E-5
975	2.496907995598783E-4
976	2.913059328198581E-4
977	1.2484539977993916E-4
978	3.329210660798378E-4
979	8.323026651995945E-5
980	2.496907995598783E-4
981	2.496907995598783E-4
982	1.2484539977993916E-4
983	1.664605330399189E-4
984	1.2484539977993916E-4
985	1.2484539977993916E-4
986	8.323026651995945E-5
987	8.323026651995945E-5
988	1.2484539977993916E-4
989	2.496907995598783E-4
990	1.2484539977993916E-4
991	1.2484539977993916E-4
992	1.664605330399189E-4
993	1.2484539977993916E-4
994	2.080756662998986E-4
995	2.080756662998986E-4
996	2.496907995598783E-4
997	1.664605330399189E-4
998	1.664605330399189E-4
999	3.329210660798378E-4
1000	2.080756662998986E-4
1001	4.1615133259979725E-5
1002	1.664605330399189E-4
1003	4.1615133259979725E-5
1004	1.664605330399189E-4
1005	2.913059328198581E-4
1006	1.664605330399189E-4
1007	1.2484539977993916E-4
1008	1.664605330399189E-4
1009	1.2484539977993916E-4
1010	1.664605330399189E-4
1011	2.080756662998986E-4
1012	1.2484539977993916E-4
1013	2.913059328198581E-4
1014	1.664605330399189E-4
1015	2.080756662998986E-4
1016	1.2484539977993916E-4
1017	1.2484539977993916E-4
1018	2.080756662998986E-4
1019	2.496907995598783E-4
1020	1.664605330399189E-4
1021	8.323026651995945E-5
1022	4.1615133259979725E-5
1023	2.496907995598783E-4
1024	1.664605330399189E-4
1025	8.323026651995945E-5
1026	1.2484539977993916E-4
1028	2.496907995598783E-4
1029	2.080756662998986E-4
1030	2.913059328198581E-4
1031	2.080756662998986E-4
1032	1.664605330399189E-4
1033	1.664605330399189E-4
1035	2.080756662998986E-4
1036	1.2484539977993916E-4
1037	4.1615133259979725E-5
1038	1.2484539977993916E-4
1039	1.664605330399189E-4
1040	2.496907995598783E-4
1041	2.496907995598783E-4
1042	1.664605330399189E-4
1043	1.664605330399189E-4
1044	1.664605330399189E-4
1045	3.329210660798378E-4
1046	3.329210660798378E-4
1047	1.664605330399189E-4
1049	1.2484539977993916E-4
1050	8.323026651995945E-5
1051	3.329210660798378E-4
1052	2.080756662998986E-4
1053	1.2484539977993916E-4
1054	3.745361993398175E-4
1055	8.323026651995945E-5
1056	1.2484539977993916E-4
1057	2.080756662998986E-4
1058	8.323026651995945E-5
1059	2.080756662998986E-4
1060	2.496907995598783E-4
1061	2.496907995598783E-4
1062	1.2484539977993916E-4
1063	1.2484539977993916E-4
1064	8.323026651995945E-5
1065	1.2484539977993916E-4
1066	4.1615133259979725E-5
1067	1.2484539977993916E-4
1068	4.1615133259979725E-5
1069	2.496907995598783E-4
1070	1.664605330399189E-4
1071	1.2484539977993916E-4
1072	1.2484539977993916E-4
1073	4.161513325997972E-4
1075	2.080756662998986E-4
1076	1.664605330399189E-4
1078	1.664605330399189E-4
1079	4.1615133259979725E-5
1080	8.323026651995945E-5
1081	2.080756662998986E-4
1082	1.664605330399189E-4
1083	1.664605330399189E-4
1084	2.080756662998986E-4
1085	1.2484539977993916E-4
1086	4.1615133259979725E-5
1087	1.664605330399189E-4
1088	1.664605330399189E-4
1089	2.496907995598783E-4
1090	8.323026651995945E-5
1091	8.323026651995945E-5
1092	1.2484539977993916E-4
1093	1.2484539977993916E-4
1094	8.323026651995945E-5
1095	2.080756662998986E-4
1096	2.913059328198581E-4
1097	2.496907995598783E-4
1098	2.080756662998986E-4
1099	8.323026651995945E-5
1100	1.664605330399189E-4
1101	8.323026651995945E-5
1102	1.2484539977993916E-4
1103	1.2484539977993916E-4
1104	8.323026651995945E-5
1105	1.2484539977993916E-4
1106	8.323026651995945E-5
1107	4.1615133259979725E-5
1108	2.496907995598783E-4
1109	8.323026651995945E-5
1110	1.664605330399189E-4
1111	1.664605330399189E-4
1112	1.2484539977993916E-4
1113	2.913059328198581E-4
1114	1.2484539977993916E-4
1115	2.080756662998986E-4
1116	4.1615133259979725E-5
1117	4.1615133259979725E-5
1118	1.2484539977993916E-4
1119	8.323026651995945E-5
1120	8.323026651995945E-5
1121	2.080756662998986E-4
1122	2.080756662998986E-4
1123	8.323026651995945E-5
1124	1.664605330399189E-4
1125	4.1615133259979725E-5
1126	1.664605330399189E-4
1127	4.1615133259979725E-5
1128	2.080756662998986E-4
1129	1.2484539977993916E-4
1130	2.913059328198581E-4
1131	1.2484539977993916E-4
1132	1.2484539977993916E-4
1133	4.1615133259979725E-5
1134	8.323026651995945E-5
1135	1.664605330399189E-4
1136	2.080756662998986E-4
1137	4.1615133259979725E-5
1138	1.2484539977993916E-4
1139	8.323026651995945E-5
1141	8.323026651995945E-5
1142	1.2484539977993916E-4
1143	8.323026651995945E-5
1144	4.1615133259979725E-5
1145	8.323026651995945E-5
1146	8.323026651995945E-5
1147	4.1615133259979725E-5
1148	4.1615133259979725E-5
1149	1.664605330399189E-4
1150	1.2484539977993916E-4
1151	8.323026651995945E-5
1152	8.323026651995945E-5
1153	2.080756662998986E-4
1154	1.2484539977993916E-4
1155	8.323026651995945E-5
1156	8.323026651995945E-5
1157	8.323026651995945E-5
1158	8.323026651995945E-5
1159	4.1615133259979725E-5
1160	1.664605330399189E-4
1161	1.2484539977993916E-4
1162	1.664605330399189E-4
1163	2.080756662998986E-4
1164	8.323026651995945E-5
1165	8.323026651995945E-5
1166	1.2484539977993916E-4
1167	8.323026651995945E-5
1168	1.2484539977993916E-4
1169	2.080756662998986E-4
1170	1.664605330399189E-4
1171	2.080756662998986E-4
1172	1.664605330399189E-4
1173	2.496907995598783E-4
1174	2.496907995598783E-4
1175	2.496907995598783E-4
1176	1.664605330399189E-4
1177	1.664605330399189E-4
1178	8.323026651995945E-5
1179	8.323026651995945E-5
1180	4.1615133259979725E-5
1181	8.323026651995945E-5
1182	8.323026651995945E-5
1183	8.323026651995945E-5
1184	1.2484539977993916E-4
1185	4.1615133259979725E-5
1186	4.1615133259979725E-5
1187	8.323026651995945E-5
1188	1.664605330399189E-4
1189	1.664605330399189E-4
1190	1.2484539977993916E-4
1192	1.2484539977993916E-4
1194	8.323026651995945E-5
1195	8.323026651995945E-5
1196	1.664605330399189E-4
1197	1.2484539977993916E-4
1198	4.1615133259979725E-5
1199	8.323026651995945E-5
1200	4.1615133259979725E-5
1201	2.080756662998986E-4
1202	1.2484539977993916E-4
1203	4.1615133259979725E-5
1204	4.1615133259979725E-5
1205	8.323026651995945E-5
1206	8.323026651995945E-5
1207	2.080756662998986E-4
1208	1.664605330399189E-4
1209	8.323026651995945E-5
1210	2.080756662998986E-4
1211	4.1615133259979725E-5
1212	1.664605330399189E-4
1213	1.2484539977993916E-4
1214	4.1615133259979725E-5
1215	8.323026651995945E-5
1216	4.1615133259979725E-5
1217	1.664605330399189E-4
1218	1.2484539977993916E-4
1219	8.323026651995945E-5
1220	4.1615133259979725E-5
1221	8.323026651995945E-5
1222	8.323026651995945E-5
1223	2.080756662998986E-4
1224	4.1615133259979725E-5
1225	8.323026651995945E-5
1226	1.664605330399189E-4
1227	8.323026651995945E-5
1228	4.1615133259979725E-5
1229	2.080756662998986E-4
1230	1.664605330399189E-4
1231	4.1615133259979725E-5
1232	8.323026651995945E-5
1233	1.664605330399189E-4
1234	1.664605330399189E-4
1235	8.323026651995945E-5
1236	8.323026651995945E-5
1237	4.1615133259979725E-5
1238	4.1615133259979725E-5
1239	8.323026651995945E-5
1240	8.323026651995945E-5
1241	2.496907995598783E-4
1242	1.664605330399189E-4
1243	1.2484539977993916E-4
1244	4.1615133259979725E-5
1245	8.323026651995945E-5
1247	4.1615133259979725E-5
1248	8.323026651995945E-5
1249	4.1615133259979725E-5
1250	1.2484539977993916E-4
1251	4.1615133259979725E-5
1252	1.2484539977993916E-4
1254	8.323026651995945E-5
1255	1.2484539977993916E-4
1257	4.1615133259979725E-5
1258	1.2484539977993916E-4
1259	2.080756662998986E-4
1260	1.2484539977993916E-4
1261	8.323026651995945E-5
1262	1.664605330399189E-4
1263	1.2484539977993916E-4
1265	1.2484539977993916E-4
1266	8.323026651995945E-5
1267	1.2484539977993916E-4
1268	2.080756662998986E-4
1269	1.2484539977993916E-4
1270	8.323026651995945E-5
1271	4.1615133259979725E-5
1272	1.2484539977993916E-4
1273	1.664605330399189E-4
1274	4.1615133259979725E-5
1275	2.496907995598783E-4
1276	4.1615133259979725E-5
1277	8.323026651995945E-5
1279	8.323026651995945E-5
1280	8.323026651995945E-5
1281	8.323026651995945E-5
1283	4.1615133259979725E-5
1285	4.1615133259979725E-5
1286	4.1615133259979725E-5
1287	1.2484539977993916E-4
1289	4.1615133259979725E-5
1290	8.323026651995945E-5
1291	4.1615133259979725E-5
1292	1.2484539977993916E-4
1293	1.2484539977993916E-4
1294	2.080756662998986E-4
1295	4.1615133259979725E-5
1296	2.080756662998986E-4
1297	1.2484539977993916E-4
1298	4.1615133259979725E-5
1299	4.1615133259979725E-5
1300	8.323026651995945E-5
1301	8.323026651995945E-5
1302	4.1615133259979725E-5
1303	8.323026651995945E-5
1304	8.323026651995945E-5
1305	8.323026651995945E-5
1306	4.1615133259979725E-5
1307	2.080756662998986E-4
1308	4.1615133259979725E-5
1309	8.323026651995945E-5
1310	1.2484539977993916E-4
1312	4.1615133259979725E-5
1313	8.323026651995945E-5
1314	1.664605330399189E-4
1315	8.323026651995945E-5
1317	1.2484539977993916E-4
1318	8.323026651995945E-5
1319	8.323026651995945E-5
1320	4.1615133259979725E-5
1321	8.323026651995945E-5
1322	8.323026651995945E-5
1323	8.323026651995945E-5
1324	1.664605330399189E-4
1325	1.664605330399189E-4
1326	4.1615133259979725E-5
1327	8.323026651995945E-5
1328	8.323026651995945E-5
1329	8.323026651995945E-5
1331	1.2484539977993916E-4
1332	2.913059328198581E-4
1333	2.080756662998986E-4
1334	2.080756662998986E-4
1335	8.323026651995945E-5
1336	1.2484539977993916E-4
1337	8.323026651995945E-5
1338	4.1615133259979725E-5
1340	4.1615133259979725E-5
1341	1.2484539977993916E-4
1342	4.1615133259979725E-5
1343	1.2484539977993916E-4
1344	4.1615133259979725E-5
1345	2.080756662998986E-4
1346	4.1615133259979725E-5
1347	8.323026651995945E-5
1349	4.1615133259979725E-5
1350	1.2484539977993916E-4
1351	4.1615133259979725E-5
1352	4.1615133259979725E-5
1353	8.323026651995945E-5
1354	8.323026651995945E-5
1355	8.323026651995945E-5
1357	1.2484539977993916E-4
1358	4.1615133259979725E-5
1359	1.2484539977993916E-4
1360	8.323026651995945E-5
1361	1.2484539977993916E-4
1362	1.2484539977993916E-4
1363	8.323026651995945E-5
1364	4.1615133259979725E-5
1365	1.2484539977993916E-4
1367	4.1615133259979725E-5
1368	4.1615133259979725E-5
1369	1.664605330399189E-4
1370	4.1615133259979725E-5
1371	1.2484539977993916E-4
1372	1.664605330399189E-4
1373	4.1615133259979725E-5
1374	1.664605330399189E-4
1375	1.2484539977993916E-4
1376	4.1615133259979725E-5
1378	1.2484539977993916E-4
1380	8.323026651995945E-5
1381	8.323026651995945E-5
1383	8.323026651995945E-5
1384	8.323026651995945E-5
1386	4.1615133259979725E-5
1387	4.1615133259979725E-5
1388	2.080756662998986E-4
1389	4.1615133259979725E-5
1390	8.323026651995945E-5
1391	1.2484539977993916E-4
1392	1.2484539977993916E-4
1393	1.2484539977993916E-4
1394	1.664605330399189E-4
1395	4.1615133259979725E-5
1396	1.664605330399189E-4
1397	8.323026651995945E-5
1398	4.1615133259979725E-5
1399	8.323026651995945E-5
1401	8.323026651995945E-5
1402	8.323026651995945E-5
1403	2.080756662998986E-4
1404	8.323026651995945E-5
1405	4.1615133259979725E-5
1406	1.2484539977993916E-4
1407	2.080756662998986E-4
1408	1.664605330399189E-4
1409	8.323026651995945E-5
1410	1.2484539977993916E-4
1411	4.1615133259979725E-5
1413	1.664605330399189E-4
1414	4.1615133259979725E-5
1415	4.1615133259979725E-5
1418	1.2484539977993916E-4
1419	8.323026651995945E-5
1420	4.1615133259979725E-5
1421	2.496907995598783E-4
1422	8.323026651995945E-5
1423	1.2484539977993916E-4
1424	4.1615133259979725E-5
1425	8.323026651995945E-5
1426	1.2484539977993916E-4
1427	1.664605330399189E-4
1428	8.323026651995945E-5
1430	8.323026651995945E-5
1431	4.1615133259979725E-5
1432	4.1615133259979725E-5
1434	8.323026651995945E-5
1435	4.1615133259979725E-5
1436	8.323026651995945E-5
1437	4.1615133259979725E-5
1438	4.1615133259979725E-5
1439	8.323026651995945E-5
1441	8.323026651995945E-5
1442	4.1615133259979725E-5
1443	1.2484539977993916E-4
1444	4.1615133259979725E-5
1445	4.1615133259979725E-5
1446	8.323026651995945E-5
1447	1.664605330399189E-4
1448	1.2484539977993916E-4
1449	8.323026651995945E-5
1451	1.2484539977993916E-4
1452	8.323026651995945E-5
1453	4.1615133259979725E-5
1456	8.323026651995945E-5
1458	1.664605330399189E-4
1459	1.2484539977993916E-4
1460	8.323026651995945E-5
1461	4.1615133259979725E-5
1462	8.323026651995945E-5
1463	8.323026651995945E-5
1464	4.1615133259979725E-5
1465	4.1615133259979725E-5
1466	1.664605330399189E-4
1467	8.323026651995945E-5
1468	4.1615133259979725E-5
1469	1.664605330399189E-4
1470	4.1615133259979725E-5
1472	4.1615133259979725E-5
1473	1.2484539977993916E-4
1474	4.1615133259979725E-5
1476	8.323026651995945E-5
1478	4.1615133259979725E-5
1479	4.1615133259979725E-5
1480	4.1615133259979725E-5
1481	1.2484539977993916E-4
1482	8.323026651995945E-5
1483	8.323026651995945E-5
1484	8.323026651995945E-5
1485	1.2484539977993916E-4
1486	4.1615133259979725E-5
1487	4.1615133259979725E-5
1488	8.323026651995945E-5
1489	4.1615133259979725E-5
1490	1.2484539977993916E-4
1491	8.323026651995945E-5
1492	4.1615133259979725E-5
1493	8.323026651995945E-5
1494	8.323026651995945E-5
1495	8.323026651995945E-5
1496	4.1615133259979725E-5
1497	4.1615133259979725E-5
1499	4.1615133259979725E-5
1501	4.1615133259979725E-5
1502	1.2484539977993916E-4
1503	1.2484539977993916E-4
1504	1.2484539977993916E-4
1505	1.664605330399189E-4
1507	4.1615133259979725E-5
1508	4.1615133259979725E-5
1509	1.2484539977993916E-4
1510	1.2484539977993916E-4
1511	8.323026651995945E-5
1512	4.1615133259979725E-5
1513	4.1615133259979725E-5
1514	1.664605330399189E-4
1515	8.323026651995945E-5
1516	1.2484539977993916E-4
1517	4.1615133259979725E-5
1518	1.2484539977993916E-4
1519	8.323026651995945E-5
1520	8.323026651995945E-5
1521	4.1615133259979725E-5
1522	1.2484539977993916E-4
1523	8.323026651995945E-5
1524	8.323026651995945E-5
1525	8.323026651995945E-5
1526	8.323026651995945E-5
1527	8.323026651995945E-5
1528	4.1615133259979725E-5
1529	4.1615133259979725E-5
1531	1.2484539977993916E-4
1532	8.323026651995945E-5
1533	4.1615133259979725E-5
1537	4.1615133259979725E-5
1538	1.2484539977993916E-4
1539	8.323026651995945E-5
1540	1.2484539977993916E-4
1541	4.1615133259979725E-5
1542	1.2484539977993916E-4
1544	1.2484539977993916E-4
1545	1.2484539977993916E-4
1546	8.323026651995945E-5
1547	4.1615133259979725E-5
1548	2.080756662998986E-4
1551	8.323026651995945E-5
1552	8.323026651995945E-5
1553	4.1615133259979725E-5
1554	1.2484539977993916E-4
1555	8.323026651995945E-5
1557	4.1615133259979725E-5
1558	8.323026651995945E-5
1559	1.2484539977993916E-4
1560	4.1615133259979725E-5
1561	4.1615133259979725E-5
1562	1.2484539977993916E-4
1563	4.1615133259979725E-5
1564	1.2484539977993916E-4
1565	1.2484539977993916E-4
1566	4.1615133259979725E-5
1567	4.1615133259979725E-5
1568	8.323026651995945E-5
1570	1.2484539977993916E-4
1571	4.1615133259979725E-5
1575	4.1615133259979725E-5
1577	4.1615133259979725E-5
1578	4.1615133259979725E-5
1579	1.2484539977993916E-4
1581	4.1615133259979725E-5
1582	4.1615133259979725E-5
1583	4.1615133259979725E-5
1584	4.1615133259979725E-5
1585	4.1615133259979725E-5
1586	4.1615133259979725E-5
1587	4.1615133259979725E-5
1588	1.2484539977993916E-4
1589	1.2484539977993916E-4
1590	4.1615133259979725E-5
1591	8.323026651995945E-5
1592	4.1615133259979725E-5
1593	8.323026651995945E-5
1594	8.323026651995945E-5
1595	4.1615133259979725E-5
1596	8.323026651995945E-5
1597	4.1615133259979725E-5
1598	4.1615133259979725E-5
1599	4.1615133259979725E-5
1600	8.323026651995945E-5
1601	1.2484539977993916E-4
1602	1.2484539977993916E-4
1603	8.323026651995945E-5
1604	8.323026651995945E-5
1607	8.323026651995945E-5
1608	8.323026651995945E-5
1609	8.323026651995945E-5
1611	8.323026651995945E-5
1613	4.1615133259979725E-5
1614	4.1615133259979725E-5
1617	4.1615133259979725E-5
1619	1.2484539977993916E-4
1620	4.1615133259979725E-5
1621	4.1615133259979725E-5
1622	8.323026651995945E-5
1624	4.1615133259979725E-5
1625	8.323026651995945E-5
1626	1.2484539977993916E-4
1628	1.664605330399189E-4
1629	8.323026651995945E-5
1631	2.080756662998986E-4
1632	8.323026651995945E-5
1633	4.1615133259979725E-5
1637	8.323026651995945E-5
1638	4.1615133259979725E-5
1639	1.664605330399189E-4
1640	1.2484539977993916E-4
1643	4.1615133259979725E-5
1644	4.1615133259979725E-5
1646	8.323026651995945E-5
1647	4.1615133259979725E-5
1648	8.323026651995945E-5
1650	8.323026651995945E-5
1651	8.323026651995945E-5
1653	8.323026651995945E-5
1654	4.1615133259979725E-5
1656	4.1615133259979725E-5
1658	4.1615133259979725E-5
1659	1.2484539977993916E-4
1660	8.323026651995945E-5
1661	4.1615133259979725E-5
1662	4.1615133259979725E-5
1663	4.1615133259979725E-5
1664	4.1615133259979725E-5
1667	1.2484539977993916E-4
1668	4.1615133259979725E-5
1670	8.323026651995945E-5
1672	4.1615133259979725E-5
1673	8.323026651995945E-5
1675	8.323026651995945E-5
1676	8.323026651995945E-5
1677	8.323026651995945E-5
1678	4.1615133259979725E-5
1679	4.1615133259979725E-5
1680	8.323026651995945E-5
1683	1.2484539977993916E-4
1684	4.1615133259979725E-5
1686	4.1615133259979725E-5
1687	1.2484539977993916E-4
1688	1.2484539977993916E-4
1689	4.1615133259979725E-5
1690	4.1615133259979725E-5
1691	4.1615133259979725E-5
1693	8.323026651995945E-5
1694	8.323026651995945E-5
1695	4.1615133259979725E-5
1697	8.323026651995945E-5
1700	8.323026651995945E-5
1702	1.2484539977993916E-4
1704	4.1615133259979725E-5
1706	4.1615133259979725E-5
1707	1.2484539977993916E-4
1708	1.2484539977993916E-4
1709	4.1615133259979725E-5
1710	4.1615133259979725E-5
1711	8.323026651995945E-5
1712	4.1615133259979725E-5
1713	8.323026651995945E-5
1714	4.1615133259979725E-5
1715	1.2484539977993916E-4
1716	8.323026651995945E-5
1718	1.2484539977993916E-4
1719	4.1615133259979725E-5
1720	8.323026651995945E-5
1722	1.664605330399189E-4
1723	1.2484539977993916E-4
1724	4.1615133259979725E-5
1725	4.1615133259979725E-5
1726	8.323026651995945E-5
1727	8.323026651995945E-5
1728	4.1615133259979725E-5
1729	8.323026651995945E-5
1730	8.323026651995945E-5
1731	8.323026651995945E-5
1732	4.1615133259979725E-5
1735	1.2484539977993916E-4
1736	4.1615133259979725E-5
1737	4.1615133259979725E-5
1739	8.323026651995945E-5
1740	8.323026651995945E-5
1742	8.323026651995945E-5
1743	4.1615133259979725E-5
1745	8.323026651995945E-5
1746	8.323026651995945E-5
1748	8.323026651995945E-5
1749	4.1615133259979725E-5
1752	8.323026651995945E-5
1754	8.323026651995945E-5
1755	8.323026651995945E-5
1756	8.323026651995945E-5
1757	4.1615133259979725E-5
1758	8.323026651995945E-5
1759	8.323026651995945E-5
1761	8.323026651995945E-5
1762	8.323026651995945E-5
1763	1.2484539977993916E-4
1766	8.323026651995945E-5
1768	8.323026651995945E-5
1769	4.1615133259979725E-5
1770	1.2484539977993916E-4
1771	1.2484539977993916E-4
1772	1.2484539977993916E-4
1774	8.323026651995945E-5
1775	4.1615133259979725E-5
1776	2.080756662998986E-4
1777	1.664605330399189E-4
1778	8.323026651995945E-5
1779	4.1615133259979725E-5
1780	4.1615133259979725E-5
1781	8.323026651995945E-5
1783	4.1615133259979725E-5
1784	8.323026651995945E-5
1785	8.323026651995945E-5
1786	4.1615133259979725E-5
1787	8.323026651995945E-5
1788	1.2484539977993916E-4
1791	8.323026651995945E-5
1792	4.1615133259979725E-5
1793	4.1615133259979725E-5
1794	4.1615133259979725E-5
1795	8.323026651995945E-5
1796	8.323026651995945E-5
1797	4.1615133259979725E-5
1798	4.1615133259979725E-5
1799	4.1615133259979725E-5
1801	4.1615133259979725E-5
1804	4.1615133259979725E-5
1806	4.1615133259979725E-5
1807	8.323026651995945E-5
1808	4.1615133259979725E-5
1809	4.1615133259979725E-5
1810	8.323026651995945E-5
1811	1.2484539977993916E-4
1813	4.1615133259979725E-5
1816	4.1615133259979725E-5
1817	1.2484539977993916E-4
1818	8.323026651995945E-5
1819	4.1615133259979725E-5
1820	8.323026651995945E-5
1821	4.1615133259979725E-5
1822	8.323026651995945E-5
1824	8.323026651995945E-5
1825	8.323026651995945E-5
1827	4.1615133259979725E-5
1828	4.1615133259979725E-5
1829	8.323026651995945E-5
1831	1.664605330399189E-4
1832	4.1615133259979725E-5
1833	8.323026651995945E-5
1835	4.1615133259979725E-5
1837	1.2484539977993916E-4
1838	8.323026651995945E-5
1839	4.1615133259979725E-5
1842	4.1615133259979725E-5
1844	8.323026651995945E-5
1845	4.1615133259979725E-5
1846	4.1615133259979725E-5
1847	8.323026651995945E-5
1848	4.1615133259979725E-5
1849	4.1615133259979725E-5
1851	4.1615133259979725E-5
1852	4.1615133259979725E-5
1853	1.664605330399189E-4
1854	4.1615133259979725E-5
1855	4.1615133259979725E-5
1856	2.080756662998986E-4
1857	4.1615133259979725E-5
1858	4.1615133259979725E-5
1859	4.1615133259979725E-5
1861	1.2484539977993916E-4
1863	4.1615133259979725E-5
1864	4.1615133259979725E-5
1865	8.323026651995945E-5
1866	4.1615133259979725E-5
1867	1.2484539977993916E-4
1868	4.1615133259979725E-5
1869	4.1615133259979725E-5
1871	4.1615133259979725E-5
1872	4.1615133259979725E-5
1873	8.323026651995945E-5
1874	8.323026651995945E-5
1875	8.323026651995945E-5
1876	8.323026651995945E-5
1878	4.1615133259979725E-5
1880	8.323026651995945E-5
1882	1.2484539977993916E-4
1884	1.664605330399189E-4
1887	8.323026651995945E-5
1888	1.2484539977993916E-4
1890	1.2484539977993916E-4
1891	8.323026651995945E-5
1896	4.1615133259979725E-5
1897	1.2484539977993916E-4
1898	8.323026651995945E-5
1899	8.323026651995945E-5
1900	8.323026651995945E-5
1901	4.1615133259979725E-5
1905	8.323026651995945E-5
1907	1.2484539977993916E-4
1909	4.1615133259979725E-5
1910	4.1615133259979725E-5
1912	4.1615133259979725E-5
1915	4.1615133259979725E-5
1918	1.2484539977993916E-4
1919	4.1615133259979725E-5
1920	4.1615133259979725E-5
1921	8.323026651995945E-5
1923	8.323026651995945E-5
1930	4.1615133259979725E-5
1931	8.323026651995945E-5
1932	4.1615133259979725E-5
1933	4.1615133259979725E-5
1934	4.1615133259979725E-5
1935	4.1615133259979725E-5
1936	1.2484539977993916E-4
1937	8.323026651995945E-5
1938	1.2484539977993916E-4
1939	1.2484539977993916E-4
1943	8.323026651995945E-5
1944	8.323026651995945E-5
1945	8.323026651995945E-5
1946	4.1615133259979725E-5
1947	4.1615133259979725E-5
1949	8.323026651995945E-5
1953	1.2484539977993916E-4
1954	8.323026651995945E-5
1955	8.323026651995945E-5
1956	8.323026651995945E-5
1957	4.1615133259979725E-5
1958	4.1615133259979725E-5
1959	8.323026651995945E-5
1961	8.323026651995945E-5
1962	1.2484539977993916E-4
1964	8.323026651995945E-5
1965	4.1615133259979725E-5
1966	4.1615133259979725E-5
1969	4.1615133259979725E-5
1970	1.2484539977993916E-4
1971	8.323026651995945E-5
1973	4.1615133259979725E-5
1974	4.1615133259979725E-5
1976	8.323026651995945E-5
1977	4.1615133259979725E-5
1978	1.2484539977993916E-4
1980	4.1615133259979725E-5
1982	4.1615133259979725E-5
1983	8.323026651995945E-5
1985	4.1615133259979725E-5
1987	4.1615133259979725E-5
1989	8.323026651995945E-5
1990	8.323026651995945E-5
1991	1.2484539977993916E-4
1992	4.1615133259979725E-5
1993	8.323026651995945E-5
1994	4.1615133259979725E-5
1996	4.1615133259979725E-5
1997	4.1615133259979725E-5
2001	4.1615133259979725E-5
2002	1.2484539977993916E-4
2004	4.1615133259979725E-5
2006	4.1615133259979725E-5
2008	4.1615133259979725E-5
2009	4.1615133259979725E-5
2012	8.323026651995945E-5
2013	4.1615133259979725E-5
2014	4.1615133259979725E-5
2015	8.323026651995945E-5
2016	1.664605330399189E-4
2020	4.1615133259979725E-5
2021	4.1615133259979725E-5
2022	1.2484539977993916E-4
2023	4.1615133259979725E-5
2024	8.323026651995945E-5
2028	4.1615133259979725E-5
2031	4.1615133259979725E-5
2034	8.323026651995945E-5
2035	4.1615133259979725E-5
2036	8.323026651995945E-5
2037	4.1615133259979725E-5
2038	8.323026651995945E-5
2039	4.1615133259979725E-5
2041	8.323026651995945E-5
2042	8.323026651995945E-5
2043	4.1615133259979725E-5
2045	4.1615133259979725E-5
2047	4.1615133259979725E-5
2048	4.1615133259979725E-5
2051	1.2484539977993916E-4
2052	8.323026651995945E-5
2055	8.323026651995945E-5
2057	4.1615133259979725E-5
2059	8.323026651995945E-5
2060	8.323026651995945E-5
2065	4.1615133259979725E-5
2066	4.1615133259979725E-5
2068	4.1615133259979725E-5
2069	1.2484539977993916E-4
2072	8.323026651995945E-5
2073	8.323026651995945E-5
2074	8.323026651995945E-5
2075	4.1615133259979725E-5
2077	4.1615133259979725E-5
2078	4.1615133259979725E-5
2079	4.1615133259979725E-5
2080	4.1615133259979725E-5
2081	2.080756662998986E-4
2082	1.2484539977993916E-4
2084	8.323026651995945E-5
2085	4.1615133259979725E-5
2089	4.1615133259979725E-5
2091	8.323026651995945E-5
2092	8.323026651995945E-5
2093	8.323026651995945E-5
2094	8.323026651995945E-5
2095	8.323026651995945E-5
2096	4.1615133259979725E-5
2097	4.1615133259979725E-5
2098	1.2484539977993916E-4
2099	4.1615133259979725E-5
2101	8.323026651995945E-5
2102	4.1615133259979725E-5
2103	8.323026651995945E-5
2104	4.1615133259979725E-5
2106	4.1615133259979725E-5
2109	8.323026651995945E-5
2110	1.664605330399189E-4
2113	4.1615133259979725E-5
2114	4.1615133259979725E-5
2115	4.1615133259979725E-5
2119	4.1615133259979725E-5
2120	8.323026651995945E-5
2124	1.2484539977993916E-4
2125	4.1615133259979725E-5
2126	4.1615133259979725E-5
2128	4.1615133259979725E-5
2129	4.1615133259979725E-5
2130	1.2484539977993916E-4
2131	8.323026651995945E-5
2132	8.323026651995945E-5
2135	4.1615133259979725E-5
2137	4.1615133259979725E-5
2139	8.323026651995945E-5
2140	4.1615133259979725E-5
2144	4.1615133259979725E-5
2145	4.1615133259979725E-5
2147	8.323026651995945E-5
2153	8.323026651995945E-5
2154	8.323026651995945E-5
2157	8.323026651995945E-5
2158	4.1615133259979725E-5
2159	8.323026651995945E-5
2161	4.1615133259979725E-5
2162	4.1615133259979725E-5
2163	8.323026651995945E-5
2164	4.1615133259979725E-5
2166	8.323026651995945E-5
2167	4.1615133259979725E-5
2168	8.323026651995945E-5
2170	4.1615133259979725E-5
2171	4.1615133259979725E-5
2172	4.1615133259979725E-5
2176	4.1615133259979725E-5
2177	4.1615133259979725E-5
2178	8.323026651995945E-5
2179	4.1615133259979725E-5
2183	4.1615133259979725E-5
2185	4.1615133259979725E-5
2186	1.2484539977993916E-4
2187	4.1615133259979725E-5
2190	4.1615133259979725E-5
2191	8.323026651995945E-5
2192	8.323026651995945E-5
2198	8.323026651995945E-5
2200	4.1615133259979725E-5
2202	8.323026651995945E-5
2203	4.1615133259979725E-5
2204	4.1615133259979725E-5
2206	4.1615133259979725E-5
2211	4.1615133259979725E-5
2212	4.1615133259979725E-5
2213	4.1615133259979725E-5
2215	4.1615133259979725E-5
2219	8.323026651995945E-5
2221	4.1615133259979725E-5
2222	8.323026651995945E-5
2223	4.1615133259979725E-5
2224	1.2484539977993916E-4
2225	4.1615133259979725E-5
2226	8.323026651995945E-5
2227	4.1615133259979725E-5
2228	4.1615133259979725E-5
2230	4.1615133259979725E-5
2231	4.1615133259979725E-5
2232	4.1615133259979725E-5
2236	4.1615133259979725E-5
2237	4.1615133259979725E-5
2238	4.1615133259979725E-5
2240	4.1615133259979725E-5
2241	8.323026651995945E-5
2243	1.2484539977993916E-4
2244	4.1615133259979725E-5
2246	4.1615133259979725E-5
2251	8.323026651995945E-5
2252	4.1615133259979725E-5
2253	8.323026651995945E-5
2254	4.1615133259979725E-5
2257	8.323026651995945E-5
2259	8.323026651995945E-5
2260	8.323026651995945E-5
2261	4.1615133259979725E-5
2263	8.323026651995945E-5
2264	8.323026651995945E-5
2268	1.664605330399189E-4
2269	4.1615133259979725E-5
2271	4.1615133259979725E-5
2272	4.1615133259979725E-5
2273	4.1615133259979725E-5
2275	4.1615133259979725E-5
2276	8.323026651995945E-5
2277	4.1615133259979725E-5
2280	4.1615133259979725E-5
2281	4.1615133259979725E-5
2285	4.1615133259979725E-5
2287	4.1615133259979725E-5
2288	1.2484539977993916E-4
2290	4.1615133259979725E-5
2293	4.1615133259979725E-5
2295	1.664605330399189E-4
2297	4.1615133259979725E-5
2298	4.1615133259979725E-5
2300	1.2484539977993916E-4
2301	8.323026651995945E-5
2307	8.323026651995945E-5
2308	8.323026651995945E-5
2311	4.1615133259979725E-5
2314	8.323026651995945E-5
2317	4.1615133259979725E-5
2318	8.323026651995945E-5
2319	4.1615133259979725E-5
2320	4.1615133259979725E-5
2322	4.1615133259979725E-5
2326	1.664605330399189E-4
2327	4.1615133259979725E-5
2330	8.323026651995945E-5
2331	8.323026651995945E-5
2332	8.323026651995945E-5
2341	1.664605330399189E-4
2342	4.1615133259979725E-5
2344	4.1615133259979725E-5
2345	8.323026651995945E-5
2346	8.323026651995945E-5
2350	4.1615133259979725E-5
2351	8.323026651995945E-5
2352	4.1615133259979725E-5
2354	8.323026651995945E-5
2356	4.1615133259979725E-5
2357	4.1615133259979725E-5
2359	8.323026651995945E-5
2364	4.1615133259979725E-5
2365	4.1615133259979725E-5
2366	4.1615133259979725E-5
2367	4.1615133259979725E-5
2369	4.1615133259979725E-5
2372	4.1615133259979725E-5
2374	4.1615133259979725E-5
2376	1.664605330399189E-4
2377	4.1615133259979725E-5
2378	4.1615133259979725E-5
2379	4.1615133259979725E-5
2382	8.323026651995945E-5
2383	4.1615133259979725E-5
2386	4.1615133259979725E-5
2387	4.1615133259979725E-5
2388	4.1615133259979725E-5
2389	4.1615133259979725E-5
2391	4.1615133259979725E-5
2392	4.1615133259979725E-5
2393	1.2484539977993916E-4
2395	4.1615133259979725E-5
2398	4.1615133259979725E-5
2399	8.323026651995945E-5
2400	4.1615133259979725E-5
2401	4.1615133259979725E-5
2407	4.1615133259979725E-5
2408	8.323026651995945E-5
2410	2.080756662998986E-4
2411	4.1615133259979725E-5
2415	8.323026651995945E-5
2417	4.1615133259979725E-5
2418	4.1615133259979725E-5
2419	4.1615133259979725E-5
2423	8.323026651995945E-5
2426	4.1615133259979725E-5
2430	8.323026651995945E-5
2433	4.1615133259979725E-5
2434	4.1615133259979725E-5
2435	1.2484539977993916E-4
2436	4.1615133259979725E-5
2437	4.1615133259979725E-5
2438	4.1615133259979725E-5
2440	4.1615133259979725E-5
2441	4.1615133259979725E-5
2442	4.1615133259979725E-5
2446	8.323026651995945E-5
2447	4.1615133259979725E-5
2448	1.2484539977993916E-4
2449	4.1615133259979725E-5
2450	4.1615133259979725E-5
2456	4.1615133259979725E-5
2457	4.1615133259979725E-5
2460	1.2484539977993916E-4
2463	4.1615133259979725E-5
2466	4.1615133259979725E-5
2468	8.323026651995945E-5
2470	4.1615133259979725E-5
2471	8.323026651995945E-5
2477	4.1615133259979725E-5
2479	8.323026651995945E-5
2482	4.1615133259979725E-5
2483	4.1615133259979725E-5
2485	1.2484539977993916E-4
2487	4.1615133259979725E-5
2489	8.323026651995945E-5
2490	4.1615133259979725E-5
2491	1.664605330399189E-4
2492	8.323026651995945E-5
2493	8.323026651995945E-5
2495	4.1615133259979725E-5
2496	4.1615133259979725E-5
2498	4.1615133259979725E-5
2499	4.1615133259979725E-5
2502	4.1615133259979725E-5
2503	4.1615133259979725E-5
2504	1.2484539977993916E-4
2506	4.1615133259979725E-5
2507	8.323026651995945E-5
2510	8.323026651995945E-5
2512	8.323026651995945E-5
2516	8.323026651995945E-5
2519	4.1615133259979725E-5
2520	4.1615133259979725E-5
2521	4.1615133259979725E-5
2524	4.1615133259979725E-5
2527	4.1615133259979725E-5
2530	4.1615133259979725E-5
2531	4.1615133259979725E-5
2536	4.1615133259979725E-5
2537	8.323026651995945E-5
2540	4.1615133259979725E-5
2542	4.1615133259979725E-5
2544	8.323026651995945E-5
2545	8.323026651995945E-5
2549	4.1615133259979725E-5
2551	4.1615133259979725E-5
2553	4.1615133259979725E-5
2554	8.323026651995945E-5
2556	1.2484539977993916E-4
2559	4.1615133259979725E-5
2560	8.323026651995945E-5
2565	1.2484539977993916E-4
2567	4.1615133259979725E-5
2568	4.1615133259979725E-5
2569	4.1615133259979725E-5
2573	4.1615133259979725E-5
2574	4.1615133259979725E-5
2575	4.1615133259979725E-5
2576	8.323026651995945E-5
2577	4.1615133259979725E-5
2580	4.1615133259979725E-5
2581	4.1615133259979725E-5
2582	1.2484539977993916E-4
2583	4.1615133259979725E-5
2584	8.323026651995945E-5
2586	4.1615133259979725E-5
2588	8.323026651995945E-5
2589	4.1615133259979725E-5
2590	4.1615133259979725E-5
2591	4.1615133259979725E-5
2592	4.1615133259979725E-5
2593	4.1615133259979725E-5
2595	4.1615133259979725E-5
2599	4.1615133259979725E-5
2600	4.1615133259979725E-5
2601	8.323026651995945E-5
2606	8.323026651995945E-5
2608	4.1615133259979725E-5
2609	8.323026651995945E-5
2611	4.1615133259979725E-5
2613	1.2484539977993916E-4
2615	4.1615133259979725E-5
2616	8.323026651995945E-5
2617	8.323026651995945E-5
2619	4.1615133259979725E-5
2623	4.1615133259979725E-5
2630	4.1615133259979725E-5
2631	4.1615133259979725E-5
2633	4.1615133259979725E-5
2634	4.1615133259979725E-5
2636	8.323026651995945E-5
2638	8.323026651995945E-5
2639	1.2484539977993916E-4
2640	4.1615133259979725E-5
2643	4.1615133259979725E-5
2644	4.1615133259979725E-5
2646	4.1615133259979725E-5
2647	4.1615133259979725E-5
2650	4.1615133259979725E-5
2652	4.1615133259979725E-5
2653	4.1615133259979725E-5
2654	1.2484539977993916E-4
2656	4.1615133259979725E-5
2658	4.1615133259979725E-5
2660	8.323026651995945E-5
2661	4.1615133259979725E-5
2662	1.2484539977993916E-4
2663	8.323026651995945E-5
2664	8.323026651995945E-5
2665	4.1615133259979725E-5
2666	8.323026651995945E-5
2669	8.323026651995945E-5
2670	4.1615133259979725E-5
2671	4.1615133259979725E-5
2672	4.1615133259979725E-5
2674	4.1615133259979725E-5
2677	8.323026651995945E-5
2678	4.1615133259979725E-5
2679	4.1615133259979725E-5
2680	4.1615133259979725E-5
2684	1.2484539977993916E-4
2686	4.1615133259979725E-5
2693	8.323026651995945E-5
2694	4.1615133259979725E-5
2696	4.1615133259979725E-5
2697	8.323026651995945E-5
2704	8.323026651995945E-5
2708	4.1615133259979725E-5
2713	4.1615133259979725E-5
2714	4.1615133259979725E-5
2715	4.1615133259979725E-5
2716	4.1615133259979725E-5
2718	4.1615133259979725E-5
2731	4.1615133259979725E-5
2734	4.1615133259979725E-5
2740	1.664605330399189E-4
2741	4.1615133259979725E-5
2743	1.2484539977993916E-4
2745	4.1615133259979725E-5
2746	4.1615133259979725E-5
2747	8.323026651995945E-5
2748	4.1615133259979725E-5
2749	8.323026651995945E-5
2753	4.1615133259979725E-5
2755	4.1615133259979725E-5
2757	4.1615133259979725E-5
2764	4.1615133259979725E-5
2766	8.323026651995945E-5
2767	4.1615133259979725E-5
2772	4.1615133259979725E-5
2773	4.1615133259979725E-5
2775	4.1615133259979725E-5
2776	8.323026651995945E-5
2777	8.323026651995945E-5
2778	4.1615133259979725E-5
2783	8.323026651995945E-5
2785	4.1615133259979725E-5
2788	4.1615133259979725E-5
2789	4.1615133259979725E-5
2796	4.1615133259979725E-5
2798	4.1615133259979725E-5
2800	8.323026651995945E-5
2802	8.323026651995945E-5
2804	4.1615133259979725E-5
2805	8.323026651995945E-5
2807	8.323026651995945E-5
2810	4.1615133259979725E-5
2811	4.1615133259979725E-5
2816	4.1615133259979725E-5
2817	4.1615133259979725E-5
2819	4.1615133259979725E-5
2822	4.1615133259979725E-5
2824	4.1615133259979725E-5
2826	4.1615133259979725E-5
2828	4.1615133259979725E-5
2829	4.1615133259979725E-5
2835	4.1615133259979725E-5
2836	4.1615133259979725E-5
2842	4.1615133259979725E-5
2844	4.1615133259979725E-5
2846	8.323026651995945E-5
2849	4.1615133259979725E-5
2852	4.1615133259979725E-5
2854	4.1615133259979725E-5
2855	4.1615133259979725E-5
2856	4.1615133259979725E-5
2857	8.323026651995945E-5
2859	4.1615133259979725E-5
2862	8.323026651995945E-5
2864	4.1615133259979725E-5
2871	8.323026651995945E-5
2872	8.323026651995945E-5
2873	1.2484539977993916E-4
2875	8.323026651995945E-5
2877	4.1615133259979725E-5
2880	4.1615133259979725E-5
2882	4.1615133259979725E-5
2886	4.1615133259979725E-5
2887	8.323026651995945E-5
2888	4.1615133259979725E-5
2890	8.323026651995945E-5
2891	4.1615133259979725E-5
2892	4.1615133259979725E-5
2893	4.1615133259979725E-5
2894	4.1615133259979725E-5
2896	8.323026651995945E-5
2897	4.1615133259979725E-5
2899	8.323026651995945E-5
2900	4.1615133259979725E-5
2903	4.1615133259979725E-5
2906	4.1615133259979725E-5
2911	4.1615133259979725E-5
2912	4.1615133259979725E-5
2913	8.323026651995945E-5
2915	4.1615133259979725E-5
2919	8.323026651995945E-5
2920	4.1615133259979725E-5
2921	4.1615133259979725E-5
2922	8.323026651995945E-5
2923	4.1615133259979725E-5
2924	4.1615133259979725E-5
2928	4.1615133259979725E-5
2930	4.1615133259979725E-5
2931	4.1615133259979725E-5
2932	4.1615133259979725E-5
2939	4.1615133259979725E-5
2943	4.1615133259979725E-5
2944	4.1615133259979725E-5
2945	4.1615133259979725E-5
2948	4.1615133259979725E-5
2952	4.1615133259979725E-5
2953	4.1615133259979725E-5
2955	4.1615133259979725E-5
2956	4.1615133259979725E-5
2957	4.1615133259979725E-5
2961	4.1615133259979725E-5
2962	4.1615133259979725E-5
2967	4.1615133259979725E-5
2973	4.1615133259979725E-5
2978	8.323026651995945E-5
2980	4.1615133259979725E-5
2981	4.1615133259979725E-5
2984	4.1615133259979725E-5
2985	4.1615133259979725E-5
2988	4.1615133259979725E-5
2992	4.1615133259979725E-5
3004	4.1615133259979725E-5
3006	4.1615133259979725E-5
3009	4.1615133259979725E-5
3011	4.1615133259979725E-5
3018	4.1615133259979725E-5
3021	4.1615133259979725E-5
3022	4.1615133259979725E-5
3030	4.1615133259979725E-5
3035	4.1615133259979725E-5
3038	4.1615133259979725E-5
3039	4.1615133259979725E-5
3041	4.1615133259979725E-5
3044	8.323026651995945E-5
3049	8.323026651995945E-5
3051	4.1615133259979725E-5
3058	4.1615133259979725E-5
3059	8.323026651995945E-5
3061	4.1615133259979725E-5
3073	8.323026651995945E-5
3078	8.323026651995945E-5
3080	4.1615133259979725E-5
3081	4.1615133259979725E-5
3083	4.1615133259979725E-5
3085	4.1615133259979725E-5
3087	4.1615133259979725E-5
3088	4.1615133259979725E-5
3094	4.1615133259979725E-5
3098	4.1615133259979725E-5
3099	4.1615133259979725E-5
3102	4.1615133259979725E-5
3103	4.1615133259979725E-5
3106	4.1615133259979725E-5
3109	4.1615133259979725E-5
3113	4.1615133259979725E-5
3114	4.1615133259979725E-5
3120	4.1615133259979725E-5
3122	4.1615133259979725E-5
3125	4.1615133259979725E-5
3128	4.1615133259979725E-5
3131	4.1615133259979725E-5
3134	8.323026651995945E-5
3135	8.323026651995945E-5
3137	4.1615133259979725E-5
3138	4.1615133259979725E-5
3140	4.1615133259979725E-5
3142	4.1615133259979725E-5
3143	4.1615133259979725E-5
3144	4.1615133259979725E-5
3146	4.1615133259979725E-5
3147	8.323026651995945E-5
3153	4.1615133259979725E-5
3158	4.1615133259979725E-5
3159	4.1615133259979725E-5
3160	8.323026651995945E-5
3165	4.1615133259979725E-5
3171	4.1615133259979725E-5
3173	4.1615133259979725E-5
3179	4.1615133259979725E-5
3180	4.1615133259979725E-5
3181	4.1615133259979725E-5
3182	4.1615133259979725E-5
3183	4.1615133259979725E-5
3185	4.1615133259979725E-5
3186	4.1615133259979725E-5
3190	4.1615133259979725E-5
3195	4.1615133259979725E-5
3197	4.1615133259979725E-5
3198	4.1615133259979725E-5
3205	4.1615133259979725E-5
3209	8.323026651995945E-5
3210	4.1615133259979725E-5
3211	8.323026651995945E-5
3212	4.1615133259979725E-5
3213	4.1615133259979725E-5
3214	4.1615133259979725E-5
3221	4.1615133259979725E-5
3225	8.323026651995945E-5
3227	4.1615133259979725E-5
3230	1.664605330399189E-4
3237	4.1615133259979725E-5
3239	4.1615133259979725E-5
3240	4.1615133259979725E-5
3241	4.1615133259979725E-5
3249	4.1615133259979725E-5
3257	4.1615133259979725E-5
3258	4.1615133259979725E-5
3261	4.1615133259979725E-5
3262	4.1615133259979725E-5
3272	4.1615133259979725E-5
3279	4.1615133259979725E-5
3280	4.1615133259979725E-5
3283	4.1615133259979725E-5
3286	4.1615133259979725E-5
3287	4.1615133259979725E-5
3290	8.323026651995945E-5
3292	4.1615133259979725E-5
3297	4.1615133259979725E-5
3298	4.1615133259979725E-5
3299	4.1615133259979725E-5
3302	8.323026651995945E-5
3303	8.323026651995945E-5
3304	4.1615133259979725E-5
3313	8.323026651995945E-5
3316	4.1615133259979725E-5
3317	8.323026651995945E-5
3319	4.1615133259979725E-5
3324	4.1615133259979725E-5
3327	4.1615133259979725E-5
3335	4.1615133259979725E-5
3337	4.1615133259979725E-5
3339	4.1615133259979725E-5
3346	4.1615133259979725E-5
3352	8.323026651995945E-5
3356	4.1615133259979725E-5
3362	4.1615133259979725E-5
3365	4.1615133259979725E-5
3368	8.323026651995945E-5
3376	1.2484539977993916E-4
3377	4.1615133259979725E-5
3382	8.323026651995945E-5
3384	4.1615133259979725E-5
3386	4.1615133259979725E-5
3387	4.1615133259979725E-5
3389	4.1615133259979725E-5
3390	8.323026651995945E-5
3396	4.1615133259979725E-5
3400	4.1615133259979725E-5
3404	4.1615133259979725E-5
3406	4.1615133259979725E-5
3407	8.323026651995945E-5
3412	4.1615133259979725E-5
3414	4.1615133259979725E-5
3421	4.1615133259979725E-5
3423	4.1615133259979725E-5
3425	4.1615133259979725E-5
3431	4.1615133259979725E-5
3432	8.323026651995945E-5
3433	4.1615133259979725E-5
3437	4.1615133259979725E-5
3438	4.1615133259979725E-5
3440	4.1615133259979725E-5
3441	4.1615133259979725E-5
3468	4.1615133259979725E-5
3469	4.1615133259979725E-5
3472	4.1615133259979725E-5
3473	4.1615133259979725E-5
3476	4.1615133259979725E-5
3482	4.1615133259979725E-5
3484	4.1615133259979725E-5
3486	8.323026651995945E-5
3489	4.1615133259979725E-5
3490	8.323026651995945E-5
3492	4.1615133259979725E-5
3493	4.1615133259979725E-5
3498	4.1615133259979725E-5
3503	8.323026651995945E-5
3509	8.323026651995945E-5
3512	4.1615133259979725E-5
3517	4.1615133259979725E-5
3523	4.1615133259979725E-5
3528	8.323026651995945E-5
3531	4.1615133259979725E-5
3533	4.1615133259979725E-5
3534	8.323026651995945E-5
3535	8.323026651995945E-5
3539	4.1615133259979725E-5
3542	4.1615133259979725E-5
3548	4.1615133259979725E-5
3549	4.1615133259979725E-5
3555	4.1615133259979725E-5
3557	4.1615133259979725E-5
3559	4.1615133259979725E-5
3567	4.1615133259979725E-5
3574	8.323026651995945E-5
3575	8.323026651995945E-5
3577	8.323026651995945E-5
3583	4.1615133259979725E-5
3584	4.1615133259979725E-5
3589	4.1615133259979725E-5
3596	4.1615133259979725E-5
3598	8.323026651995945E-5
3599	4.1615133259979725E-5
3608	4.1615133259979725E-5
3611	4.1615133259979725E-5
3613	8.323026651995945E-5
3617	4.1615133259979725E-5
3619	4.1615133259979725E-5
3623	4.1615133259979725E-5
3625	4.1615133259979725E-5
3628	4.1615133259979725E-5
3634	4.1615133259979725E-5
3637	8.323026651995945E-5
3641	4.1615133259979725E-5
3650	4.1615133259979725E-5
3652	4.1615133259979725E-5
3653	4.1615133259979725E-5
3654	4.1615133259979725E-5
3655	4.1615133259979725E-5
3661	4.1615133259979725E-5
3670	4.1615133259979725E-5
3671	8.323026651995945E-5
3673	8.323026651995945E-5
3688	4.1615133259979725E-5
3691	4.1615133259979725E-5
3695	4.1615133259979725E-5
3696	4.1615133259979725E-5
3698	8.323026651995945E-5
3703	4.1615133259979725E-5
3704	4.1615133259979725E-5
3705	4.1615133259979725E-5
3706	4.1615133259979725E-5
3709	4.1615133259979725E-5
3712	4.1615133259979725E-5
3715	4.1615133259979725E-5
3722	4.1615133259979725E-5
3724	4.1615133259979725E-5
3726	8.323026651995945E-5
3742	8.323026651995945E-5
3743	4.1615133259979725E-5
3748	4.1615133259979725E-5
3755	4.1615133259979725E-5
3762	4.1615133259979725E-5
3763	4.1615133259979725E-5
3764	4.1615133259979725E-5
3768	4.1615133259979725E-5
3769	4.1615133259979725E-5
3784	4.1615133259979725E-5
3785	4.1615133259979725E-5
3786	4.1615133259979725E-5
3790	8.323026651995945E-5
3792	4.1615133259979725E-5
3804	4.1615133259979725E-5
3808	4.1615133259979725E-5
3813	4.1615133259979725E-5
3818	4.1615133259979725E-5
3819	4.1615133259979725E-5
3820	4.1615133259979725E-5
3821	4.1615133259979725E-5
3822	4.1615133259979725E-5
3824	4.1615133259979725E-5
3827	4.1615133259979725E-5
3828	4.1615133259979725E-5
3832	4.1615133259979725E-5
3835	4.1615133259979725E-5
3837	4.1615133259979725E-5
3838	8.323026651995945E-5
3840	4.1615133259979725E-5
3843	4.1615133259979725E-5
3848	4.1615133259979725E-5
3851	4.1615133259979725E-5
3852	4.1615133259979725E-5
3853	4.1615133259979725E-5
3855	8.323026651995945E-5
3860	4.1615133259979725E-5
3864	4.1615133259979725E-5
3867	4.1615133259979725E-5
3872	8.323026651995945E-5
3874	4.1615133259979725E-5
3877	4.1615133259979725E-5
3878	4.1615133259979725E-5
3880	4.1615133259979725E-5
3883	4.1615133259979725E-5
3884	4.1615133259979725E-5
3889	4.1615133259979725E-5
3892	4.1615133259979725E-5
3894	4.1615133259979725E-5
3896	4.1615133259979725E-5
3899	4.1615133259979725E-5
3900	4.1615133259979725E-5
3903	4.1615133259979725E-5
3905	8.323026651995945E-5
3907	4.1615133259979725E-5
3908	8.323026651995945E-5
3911	4.1615133259979725E-5
3918	4.1615133259979725E-5
3923	4.1615133259979725E-5
3929	4.1615133259979725E-5
3930	4.1615133259979725E-5
3931	4.1615133259979725E-5
3932	4.1615133259979725E-5
3943	4.1615133259979725E-5
3948	4.1615133259979725E-5
3949	4.1615133259979725E-5
3954	4.1615133259979725E-5
3961	4.1615133259979725E-5
3965	8.323026651995945E-5
3974	4.1615133259979725E-5
3982	4.1615133259979725E-5
3983	8.323026651995945E-5
3985	4.1615133259979725E-5
3990	4.1615133259979725E-5
3996	4.1615133259979725E-5
4001	4.1615133259979725E-5
4002	4.1615133259979725E-5
4008	4.1615133259979725E-5
4011	4.1615133259979725E-5
4019	4.1615133259979725E-5
4024	4.1615133259979725E-5
4033	4.1615133259979725E-5
4040	4.1615133259979725E-5
4042	4.1615133259979725E-5
4051	4.1615133259979725E-5
4061	4.1615133259979725E-5
4071	8.323026651995945E-5
4073	4.1615133259979725E-5
4074	4.1615133259979725E-5
4075	4.1615133259979725E-5
4083	4.1615133259979725E-5
4107	8.323026651995945E-5
4114	4.1615133259979725E-5
4118	8.323026651995945E-5
4135	4.1615133259979725E-5
4138	4.1615133259979725E-5
4144	4.1615133259979725E-5
4151	4.1615133259979725E-5
4153	4.1615133259979725E-5
4156	4.1615133259979725E-5
4171	4.1615133259979725E-5
4181	4.1615133259979725E-5
4186	4.1615133259979725E-5
4191	4.1615133259979725E-5
4192	4.1615133259979725E-5
4194	4.1615133259979725E-5
4196	1.2484539977993916E-4
4199	4.1615133259979725E-5
4218	4.1615133259979725E-5
4230	4.1615133259979725E-5
4233	4.1615133259979725E-5
4238	4.1615133259979725E-5
4241	4.1615133259979725E-5
4244	4.1615133259979725E-5
4249	4.1615133259979725E-5
4251	8.323026651995945E-5
4256	4.1615133259979725E-5
4264	4.1615133259979725E-5
4265	8.323026651995945E-5
4278	4.1615133259979725E-5
4279	4.1615133259979725E-5
4284	4.1615133259979725E-5
4291	4.1615133259979725E-5
4293	4.1615133259979725E-5
4303	4.1615133259979725E-5
4305	4.1615133259979725E-5
4306	4.1615133259979725E-5
4307	4.1615133259979725E-5
4311	4.1615133259979725E-5
4312	4.1615133259979725E-5
4314	4.1615133259979725E-5
4316	4.1615133259979725E-5
4323	8.323026651995945E-5
4340	4.1615133259979725E-5
4345	4.1615133259979725E-5
4353	4.1615133259979725E-5
4362	4.1615133259979725E-5
4363	4.1615133259979725E-5
4371	4.1615133259979725E-5
4372	8.323026651995945E-5
4373	4.1615133259979725E-5
4386	4.1615133259979725E-5
4394	4.1615133259979725E-5
4396	4.1615133259979725E-5
4399	4.1615133259979725E-5
4407	4.1615133259979725E-5
4408	4.1615133259979725E-5
4410	4.1615133259979725E-5
4416	4.1615133259979725E-5
4421	4.1615133259979725E-5
4424	4.1615133259979725E-5
4433	8.323026651995945E-5
4434	4.1615133259979725E-5
4437	4.1615133259979725E-5
4442	8.323026651995945E-5
4444	8.323026651995945E-5
4445	4.1615133259979725E-5
4450	4.1615133259979725E-5
4452	4.1615133259979725E-5
4455	4.1615133259979725E-5
4460	4.1615133259979725E-5
4467	4.1615133259979725E-5
4469	4.1615133259979725E-5
4470	4.1615133259979725E-5
4473	4.1615133259979725E-5
4476	4.1615133259979725E-5
4479	4.1615133259979725E-5
4481	4.1615133259979725E-5
4485	4.1615133259979725E-5
4492	4.1615133259979725E-5
4496	4.1615133259979725E-5
4501	4.1615133259979725E-5
4502	4.1615133259979725E-5
4507	4.1615133259979725E-5
4511	4.1615133259979725E-5
4517	8.323026651995945E-5
4522	4.1615133259979725E-5
4535	4.1615133259979725E-5
4537	4.1615133259979725E-5
4540	4.1615133259979725E-5
4541	4.1615133259979725E-5
4544	4.1615133259979725E-5
4547	4.1615133259979725E-5
4561	4.1615133259979725E-5
4566	4.1615133259979725E-5
4574	4.1615133259979725E-5
4576	4.1615133259979725E-5
4580	4.1615133259979725E-5
4584	4.1615133259979725E-5
4596	8.323026651995945E-5
4600	8.323026651995945E-5
4605	4.1615133259979725E-5
4607	4.1615133259979725E-5
4610	4.1615133259979725E-5
4613	4.1615133259979725E-5
4618	4.1615133259979725E-5
4620	4.1615133259979725E-5
4623	8.323026651995945E-5
4629	4.1615133259979725E-5
4631	4.1615133259979725E-5
4635	4.1615133259979725E-5
4636	4.1615133259979725E-5
4644	4.1615133259979725E-5
4645	4.1615133259979725E-5
4648	4.1615133259979725E-5
4649	4.1615133259979725E-5
4660	4.1615133259979725E-5
4661	4.1615133259979725E-5
4680	4.1615133259979725E-5
4683	4.1615133259979725E-5
4688	4.1615133259979725E-5
4695	4.1615133259979725E-5
4698	4.1615133259979725E-5
4701	4.1615133259979725E-5
4702	4.1615133259979725E-5
4707	4.1615133259979725E-5
4717	4.1615133259979725E-5
4719	4.1615133259979725E-5
4736	8.323026651995945E-5
4738	8.323026651995945E-5
4739	4.1615133259979725E-5
4740	4.1615133259979725E-5
4742	4.1615133259979725E-5
4750	4.1615133259979725E-5
4752	4.1615133259979725E-5
4753	4.1615133259979725E-5
4754	4.1615133259979725E-5
4760	4.1615133259979725E-5
4770	4.1615133259979725E-5
4777	4.1615133259979725E-5
4780	4.1615133259979725E-5
4783	4.1615133259979725E-5
4784	4.1615133259979725E-5
4786	4.1615133259979725E-5
4787	8.323026651995945E-5
4797	4.1615133259979725E-5
4801	4.1615133259979725E-5
4803	4.1615133259979725E-5
4811	4.1615133259979725E-5
4813	4.1615133259979725E-5
4818	4.1615133259979725E-5
4826	4.1615133259979725E-5
4829	4.1615133259979725E-5
4835	8.323026651995945E-5
4841	4.1615133259979725E-5
4843	4.1615133259979725E-5
4844	4.1615133259979725E-5
4858	4.1615133259979725E-5
4865	4.1615133259979725E-5
4866	4.1615133259979725E-5
4871	4.1615133259979725E-5
4875	4.1615133259979725E-5
4878	4.1615133259979725E-5
4889	4.1615133259979725E-5
4894	4.1615133259979725E-5
4895	4.1615133259979725E-5
4897	4.1615133259979725E-5
4899	4.1615133259979725E-5
4900	4.1615133259979725E-5
4904	4.1615133259979725E-5
4908	4.1615133259979725E-5
4910	4.1615133259979725E-5
4916	4.1615133259979725E-5
4924	4.1615133259979725E-5
4933	4.1615133259979725E-5
4937	4.1615133259979725E-5
4943	4.1615133259979725E-5
4950	4.1615133259979725E-5
4956	4.1615133259979725E-5
4962	4.1615133259979725E-5
4974	4.1615133259979725E-5
4975	4.1615133259979725E-5
4984	4.1615133259979725E-5
4986	4.1615133259979725E-5
4998	4.1615133259979725E-5
5003	4.1615133259979725E-5
5007	4.1615133259979725E-5
5011	8.323026651995945E-5
5012	4.1615133259979725E-5
5015	4.1615133259979725E-5
5024	4.1615133259979725E-5
5041	4.1615133259979725E-5
5045	4.1615133259979725E-5
5058	8.323026651995945E-5
5065	4.1615133259979725E-5
5081	4.1615133259979725E-5
5082	4.1615133259979725E-5
5085	4.1615133259979725E-5
5093	4.1615133259979725E-5
5101	4.1615133259979725E-5
5102	4.1615133259979725E-5
5120	4.1615133259979725E-5
5122	4.1615133259979725E-5
5131	8.323026651995945E-5
5133	4.1615133259979725E-5
5147	4.1615133259979725E-5
5149	4.1615133259979725E-5
5153	4.1615133259979725E-5
5157	4.1615133259979725E-5
5166	4.1615133259979725E-5
5169	4.1615133259979725E-5
5178	4.1615133259979725E-5
5183	4.1615133259979725E-5
5185	4.1615133259979725E-5
5188	4.1615133259979725E-5
5192	4.1615133259979725E-5
5193	4.1615133259979725E-5
5195	4.1615133259979725E-5
5200	4.1615133259979725E-5
5206	4.1615133259979725E-5
5207	8.323026651995945E-5
5211	4.1615133259979725E-5
5214	4.1615133259979725E-5
5216	4.1615133259979725E-5
5217	4.1615133259979725E-5
5229	4.1615133259979725E-5
5234	4.1615133259979725E-5
5235	4.1615133259979725E-5
5248	4.1615133259979725E-5
5251	4.1615133259979725E-5
5269	4.1615133259979725E-5
5272	4.1615133259979725E-5
5286	4.1615133259979725E-5
5289	4.1615133259979725E-5
5295	4.1615133259979725E-5
5297	4.1615133259979725E-5
5304	4.1615133259979725E-5
5305	4.1615133259979725E-5
5315	4.1615133259979725E-5
5320	4.1615133259979725E-5
5325	4.1615133259979725E-5
5328	4.1615133259979725E-5
5331	4.1615133259979725E-5
5332	4.1615133259979725E-5
5346	4.1615133259979725E-5
5347	4.1615133259979725E-5
5350	4.1615133259979725E-5
5355	4.1615133259979725E-5
5362	4.1615133259979725E-5
5364	8.323026651995945E-5
5368	4.1615133259979725E-5
5380	4.1615133259979725E-5
5383	4.1615133259979725E-5
5384	4.1615133259979725E-5
5385	8.323026651995945E-5
5409	4.1615133259979725E-5
5421	4.1615133259979725E-5
5422	4.1615133259979725E-5
5432	4.1615133259979725E-5
5446	4.1615133259979725E-5
5447	4.1615133259979725E-5
5459	4.1615133259979725E-5
5463	4.1615133259979725E-5
5465	4.1615133259979725E-5
5474	4.1615133259979725E-5
5483	4.1615133259979725E-5
5484	4.1615133259979725E-5
5497	4.1615133259979725E-5
5505	4.1615133259979725E-5
5510	4.1615133259979725E-5
5520	4.1615133259979725E-5
5538	4.1615133259979725E-5
5540	4.1615133259979725E-5
5545	4.1615133259979725E-5
5554	4.1615133259979725E-5
5574	4.1615133259979725E-5
5577	4.1615133259979725E-5
5581	4.1615133259979725E-5
5588	4.1615133259979725E-5
5589	4.1615133259979725E-5
5592	4.1615133259979725E-5
5610	4.1615133259979725E-5
5614	4.1615133259979725E-5
5633	8.323026651995945E-5
5639	8.323026651995945E-5
5641	8.323026651995945E-5
5653	8.323026651995945E-5
5659	4.1615133259979725E-5
5663	4.1615133259979725E-5
5671	4.1615133259979725E-5
5685	4.1615133259979725E-5
5689	4.1615133259979725E-5
5694	4.1615133259979725E-5
5695	4.1615133259979725E-5
5700	4.1615133259979725E-5
5706	4.1615133259979725E-5
5707	4.1615133259979725E-5
5711	4.1615133259979725E-5
5714	4.1615133259979725E-5
5722	4.1615133259979725E-5
5723	4.1615133259979725E-5
5725	4.1615133259979725E-5
5730	4.1615133259979725E-5
5731	4.1615133259979725E-5
5737	8.323026651995945E-5
5746	4.1615133259979725E-5
5751	4.1615133259979725E-5
5758	4.1615133259979725E-5
5763	4.1615133259979725E-5
5770	4.1615133259979725E-5
5780	4.1615133259979725E-5
5787	4.1615133259979725E-5
5795	4.1615133259979725E-5
5802	4.1615133259979725E-5
5826	4.1615133259979725E-5
5851	4.1615133259979725E-5
5864	4.1615133259979725E-5
5875	4.1615133259979725E-5
5876	4.1615133259979725E-5
5883	4.1615133259979725E-5
5893	4.1615133259979725E-5
5895	4.1615133259979725E-5
5896	4.1615133259979725E-5
5906	4.1615133259979725E-5
5918	4.1615133259979725E-5
5926	4.1615133259979725E-5
5937	8.323026651995945E-5
5949	4.1615133259979725E-5
5965	4.1615133259979725E-5
5994	4.1615133259979725E-5
6002	4.1615133259979725E-5
6003	4.1615133259979725E-5
6007	4.1615133259979725E-5
6015	4.1615133259979725E-5
6025	4.1615133259979725E-5
6028	4.1615133259979725E-5
6044	4.1615133259979725E-5
6058	8.323026651995945E-5
6069	4.1615133259979725E-5
6079	4.1615133259979725E-5
6084	4.1615133259979725E-5
6088	4.1615133259979725E-5
6094	4.1615133259979725E-5
6099	4.1615133259979725E-5
6115	4.1615133259979725E-5
6122	4.1615133259979725E-5
6123	4.1615133259979725E-5
6143	4.1615133259979725E-5
6151	4.1615133259979725E-5
6154	8.323026651995945E-5
6171	4.1615133259979725E-5
6173	4.1615133259979725E-5
6178	4.1615133259979725E-5
6181	4.1615133259979725E-5
6190	4.1615133259979725E-5
6195	8.323026651995945E-5
6201	4.1615133259979725E-5
6211	4.1615133259979725E-5
6236	4.1615133259979725E-5
6256	4.1615133259979725E-5
6267	4.1615133259979725E-5
6277	4.1615133259979725E-5
6282	4.1615133259979725E-5
6285	4.1615133259979725E-5
6286	4.1615133259979725E-5
6323	4.1615133259979725E-5
6351	8.323026651995945E-5
6353	4.1615133259979725E-5
6362	4.1615133259979725E-5
6363	8.323026651995945E-5
6396	4.1615133259979725E-5
6405	4.1615133259979725E-5
6407	4.1615133259979725E-5
6411	4.1615133259979725E-5
6417	4.1615133259979725E-5
6449	4.1615133259979725E-5
6460	4.1615133259979725E-5
6461	4.1615133259979725E-5
6464	4.1615133259979725E-5
6467	4.1615133259979725E-5
6479	4.1615133259979725E-5
6483	1.2484539977993916E-4
6497	8.323026651995945E-5
6499	4.1615133259979725E-5
6515	4.1615133259979725E-5
6525	8.323026651995945E-5
6543	4.1615133259979725E-5
6544	4.1615133259979725E-5
6552	4.1615133259979725E-5
6558	4.1615133259979725E-5
6562	4.1615133259979725E-5
6578	4.1615133259979725E-5
6586	4.1615133259979725E-5
6590	4.1615133259979725E-5
6598	4.1615133259979725E-5
6609	4.1615133259979725E-5
6629	4.1615133259979725E-5
6630	4.1615133259979725E-5
6631	4.1615133259979725E-5
6645	4.1615133259979725E-5
6647	4.1615133259979725E-5
6657	4.1615133259979725E-5
6658	4.1615133259979725E-5
6666	4.1615133259979725E-5
6703	4.1615133259979725E-5
6715	4.1615133259979725E-5
6723	4.1615133259979725E-5
6725	4.1615133259979725E-5
6741	4.1615133259979725E-5
6742	4.1615133259979725E-5
6758	4.1615133259979725E-5
6794	4.1615133259979725E-5
6804	4.1615133259979725E-5
6814	4.1615133259979725E-5
6828	4.1615133259979725E-5
6830	4.1615133259979725E-5
6837	4.1615133259979725E-5
6856	4.1615133259979725E-5
6857	8.323026651995945E-5
6858	4.1615133259979725E-5
6866	4.1615133259979725E-5
6868	8.323026651995945E-5
6884	4.1615133259979725E-5
6896	4.1615133259979725E-5
6903	4.1615133259979725E-5
6937	4.1615133259979725E-5
6967	4.1615133259979725E-5
6969	4.1615133259979725E-5
6970	4.1615133259979725E-5
6971	4.1615133259979725E-5
6981	4.1615133259979725E-5
6982	4.1615133259979725E-5
7000	4.1615133259979725E-5
7015	4.1615133259979725E-5
7022	4.1615133259979725E-5
7024	4.1615133259979725E-5
7031	4.1615133259979725E-5
7040	4.1615133259979725E-5
7058	4.1615133259979725E-5
7086	4.1615133259979725E-5
7095	4.1615133259979725E-5
7103	4.1615133259979725E-5
7113	4.1615133259979725E-5
7129	8.323026651995945E-5
7134	4.1615133259979725E-5
7144	4.1615133259979725E-5
7162	4.1615133259979725E-5
7164	4.1615133259979725E-5
7167	4.1615133259979725E-5
7173	4.1615133259979725E-5
7182	4.1615133259979725E-5
7191	4.1615133259979725E-5
7209	4.1615133259979725E-5
7221	4.1615133259979725E-5
7228	4.1615133259979725E-5
7233	4.1615133259979725E-5
7237	8.323026651995945E-5
7269	4.1615133259979725E-5
7279	4.1615133259979725E-5
7285	4.1615133259979725E-5
7305	4.1615133259979725E-5
7311	8.323026651995945E-5
7350	4.1615133259979725E-5
7358	4.1615133259979725E-5
7363	4.1615133259979725E-5
7369	4.1615133259979725E-5
7382	4.1615133259979725E-5
7389	4.1615133259979725E-5
7395	4.1615133259979725E-5
7398	4.1615133259979725E-5
7401	4.1615133259979725E-5
7413	4.1615133259979725E-5
7471	4.1615133259979725E-5
7472	4.1615133259979725E-5
7474	4.1615133259979725E-5
7496	4.1615133259979725E-5
7497	4.1615133259979725E-5
7500	4.1615133259979725E-5
7508	4.1615133259979725E-5
7509	4.1615133259979725E-5
7529	4.1615133259979725E-5
7533	4.1615133259979725E-5
7553	4.1615133259979725E-5
7562	4.1615133259979725E-5
7586	4.1615133259979725E-5
7587	4.1615133259979725E-5
7597	4.1615133259979725E-5
7600	4.1615133259979725E-5
7618	4.1615133259979725E-5
7631	4.1615133259979725E-5
7647	4.1615133259979725E-5
7652	4.1615133259979725E-5
7669	4.1615133259979725E-5
7703	4.1615133259979725E-5
7705	4.1615133259979725E-5
7715	4.1615133259979725E-5
7721	4.1615133259979725E-5
7762	4.1615133259979725E-5
7764	4.1615133259979725E-5
7800	4.1615133259979725E-5
7802	4.1615133259979725E-5
7829	4.1615133259979725E-5
7856	4.1615133259979725E-5
7903	4.1615133259979725E-5
7906	4.1615133259979725E-5
7916	4.1615133259979725E-5
7923	4.1615133259979725E-5
7933	8.323026651995945E-5
7936	4.1615133259979725E-5
7945	4.1615133259979725E-5
7952	4.1615133259979725E-5
7957	4.1615133259979725E-5
7958	4.1615133259979725E-5
7959	8.323026651995945E-5
7981	4.1615133259979725E-5
8042	4.1615133259979725E-5
8051	4.1615133259979725E-5
8101	4.1615133259979725E-5
8105	4.1615133259979725E-5
8115	4.1615133259979725E-5
8126	4.1615133259979725E-5
8132	4.1615133259979725E-5
8155	4.1615133259979725E-5
8168	4.1615133259979725E-5
8198	4.1615133259979725E-5
8206	4.1615133259979725E-5
8219	4.1615133259979725E-5
8224	4.1615133259979725E-5
8237	4.1615133259979725E-5
8249	4.1615133259979725E-5
8256	4.1615133259979725E-5
8305	4.1615133259979725E-5
8318	4.1615133259979725E-5
8328	8.323026651995945E-5
8384	4.1615133259979725E-5
8391	4.1615133259979725E-5
8441	4.1615133259979725E-5
8445	4.1615133259979725E-5
8451	4.1615133259979725E-5
8463	4.1615133259979725E-5
8533	4.1615133259979725E-5
8535	4.1615133259979725E-5
8580	4.1615133259979725E-5
8639	4.1615133259979725E-5
8642	4.1615133259979725E-5
8656	4.1615133259979725E-5
8663	4.1615133259979725E-5
8694	4.1615133259979725E-5
8699	4.1615133259979725E-5
8703	4.1615133259979725E-5
8753	4.1615133259979725E-5
8770	4.1615133259979725E-5
8795	4.1615133259979725E-5
8797	4.1615133259979725E-5
8806	4.1615133259979725E-5
8842	4.1615133259979725E-5
8894	4.1615133259979725E-5
8913	4.1615133259979725E-5
8921	4.1615133259979725E-5
8957	4.1615133259979725E-5
9013	4.1615133259979725E-5
9043	4.1615133259979725E-5
9130	4.1615133259979725E-5
9156	4.1615133259979725E-5
9234	4.1615133259979725E-5
9240	4.1615133259979725E-5
9243	4.1615133259979725E-5
9264	4.1615133259979725E-5
9269	4.1615133259979725E-5
9271	4.1615133259979725E-5
9299	4.1615133259979725E-5
9302	4.1615133259979725E-5
9305	4.1615133259979725E-5
9311	8.323026651995945E-5
9329	4.1615133259979725E-5
9331	4.1615133259979725E-5
9385	4.1615133259979725E-5
9390	4.1615133259979725E-5
9394	4.1615133259979725E-5
9411	4.1615133259979725E-5
9448	4.1615133259979725E-5
9450	4.1615133259979725E-5
9460	4.1615133259979725E-5
9483	4.1615133259979725E-5
9545	4.1615133259979725E-5
9571	4.1615133259979725E-5
9576	4.1615133259979725E-5
9589	4.1615133259979725E-5
9619	4.1615133259979725E-5
9631	4.1615133259979725E-5
9640	4.1615133259979725E-5
9682	4.1615133259979725E-5
9705	4.1615133259979725E-5
9706	4.1615133259979725E-5
9740	4.1615133259979725E-5
9746	4.1615133259979725E-5
9817	4.1615133259979725E-5
9820	4.1615133259979725E-5
9887	4.1615133259979725E-5
9911	4.1615133259979725E-5
9945	4.1615133259979725E-5
9947	4.1615133259979725E-5
9950	4.1615133259979725E-5
9986	4.1615133259979725E-5
10053	4.1615133259979725E-5
10074	4.1615133259979725E-5
10097	4.1615133259979725E-5
10205	4.1615133259979725E-5
10247	4.1615133259979725E-5
10248	4.1615133259979725E-5
10259	4.1615133259979725E-5
10273	4.1615133259979725E-5
10286	4.1615133259979725E-5
10291	4.1615133259979725E-5
10319	4.1615133259979725E-5
10440	4.1615133259979725E-5
10451	4.1615133259979725E-5
10470	4.1615133259979725E-5
10495	4.1615133259979725E-5
10496	4.1615133259979725E-5
10536	4.1615133259979725E-5
10554	4.1615133259979725E-5
10574	4.1615133259979725E-5
10579	4.1615133259979725E-5
10695	4.1615133259979725E-5
10711	4.1615133259979725E-5
10713	4.1615133259979725E-5
10738	4.1615133259979725E-5
10739	4.1615133259979725E-5
10793	4.1615133259979725E-5
10876	4.1615133259979725E-5
10887	4.1615133259979725E-5
10892	4.1615133259979725E-5
10944	4.1615133259979725E-5
11023	4.1615133259979725E-5
11061	4.1615133259979725E-5
11092	4.1615133259979725E-5
11123	4.1615133259979725E-5
11176	4.1615133259979725E-5
11232	4.1615133259979725E-5
11263	4.1615133259979725E-5
11299	4.1615133259979725E-5
11322	4.1615133259979725E-5
11348	4.1615133259979725E-5
11352	4.1615133259979725E-5
11363	4.1615133259979725E-5
11428	4.1615133259979725E-5
11494	4.1615133259979725E-5
11558	4.1615133259979725E-5
11624	4.1615133259979725E-5
11644	4.1615133259979725E-5
11661	4.1615133259979725E-5
11722	4.1615133259979725E-5
11764	4.1615133259979725E-5
11766	4.1615133259979725E-5
11791	4.1615133259979725E-5
11833	4.1615133259979725E-5
11849	4.1615133259979725E-5
11870	4.1615133259979725E-5
11915	4.1615133259979725E-5
12018	4.1615133259979725E-5
12045	4.1615133259979725E-5
12156	4.1615133259979725E-5
12204	4.1615133259979725E-5
12225	4.1615133259979725E-5
12240	4.1615133259979725E-5
12300	4.1615133259979725E-5
12366	4.1615133259979725E-5
12520	4.1615133259979725E-5
12558	4.1615133259979725E-5
12647	4.1615133259979725E-5
12659	4.1615133259979725E-5
12706	4.1615133259979725E-5
12811	8.323026651995945E-5
12867	4.1615133259979725E-5
12880	4.1615133259979725E-5
12914	4.1615133259979725E-5
13036	4.1615133259979725E-5
13062	4.1615133259979725E-5
13228	4.1615133259979725E-5
13260	4.1615133259979725E-5
13372	4.1615133259979725E-5
13460	4.1615133259979725E-5
13524	4.1615133259979725E-5
13530	4.1615133259979725E-5
13611	4.1615133259979725E-5
13629	4.1615133259979725E-5
13632	4.1615133259979725E-5
13720	4.1615133259979725E-5
13774	4.1615133259979725E-5
13793	4.1615133259979725E-5
13810	4.1615133259979725E-5
13814	4.1615133259979725E-5
13856	4.1615133259979725E-5
13862	4.1615133259979725E-5
13871	4.1615133259979725E-5
13918	4.1615133259979725E-5
13922	4.1615133259979725E-5
14049	4.1615133259979725E-5
14119	4.1615133259979725E-5
14255	4.1615133259979725E-5
14257	4.1615133259979725E-5
14277	4.1615133259979725E-5
14371	4.1615133259979725E-5
14474	4.1615133259979725E-5
14503	4.1615133259979725E-5
14520	4.1615133259979725E-5
14543	4.1615133259979725E-5
14581	4.1615133259979725E-5
14789	4.1615133259979725E-5
14833	4.1615133259979725E-5
14849	4.1615133259979725E-5
14863	4.1615133259979725E-5
14903	4.1615133259979725E-5
14963	4.1615133259979725E-5
14994	4.1615133259979725E-5
15020	4.1615133259979725E-5
15103	4.1615133259979725E-5
15130	4.1615133259979725E-5
15238	4.1615133259979725E-5
15268	4.1615133259979725E-5
15284	4.1615133259979725E-5
15298	4.1615133259979725E-5
15310	4.1615133259979725E-5
15394	4.1615133259979725E-5
15423	4.1615133259979725E-5
15426	4.1615133259979725E-5
15435	4.1615133259979725E-5
15561	4.1615133259979725E-5
15573	4.1615133259979725E-5
15969	4.1615133259979725E-5
16049	4.1615133259979725E-5
16066	4.1615133259979725E-5
16212	4.1615133259979725E-5
16223	4.1615133259979725E-5
16347	4.1615133259979725E-5
16411	4.1615133259979725E-5
16464	4.1615133259979725E-5
16554	4.1615133259979725E-5
16607	4.1615133259979725E-5
16716	4.1615133259979725E-5
16790	4.1615133259979725E-5
16889	4.1615133259979725E-5
17023	4.1615133259979725E-5
17066	4.1615133259979725E-5
17264	4.1615133259979725E-5
17317	4.1615133259979725E-5
17471	4.1615133259979725E-5
17580	4.1615133259979725E-5
17730	4.1615133259979725E-5
17739	4.1615133259979725E-5
17791	4.1615133259979725E-5
17894	4.1615133259979725E-5
18331	4.1615133259979725E-5
18417	4.1615133259979725E-5
18482	4.1615133259979725E-5
18561	4.1615133259979725E-5
18658	4.1615133259979725E-5
18701	4.1615133259979725E-5
18758	4.1615133259979725E-5
18911	4.1615133259979725E-5
19269	4.1615133259979725E-5
19792	4.1615133259979725E-5
19956	4.1615133259979725E-5
20100	4.1615133259979725E-5
20109	4.1615133259979725E-5
20185	4.1615133259979725E-5
20408	4.1615133259979725E-5
20426	4.1615133259979725E-5
20474	4.1615133259979725E-5
20662	4.1615133259979725E-5
20839	4.1615133259979725E-5
20876	4.1615133259979725E-5
20886	4.1615133259979725E-5
20913	4.1615133259979725E-5
20972	4.1615133259979725E-5
21079	4.1615133259979725E-5
21240	4.1615133259979725E-5
21256	4.1615133259979725E-5
21309	4.1615133259979725E-5
21338	4.1615133259979725E-5
21394	4.1615133259979725E-5
21437	4.1615133259979725E-5
21600	4.1615133259979725E-5
21855	4.1615133259979725E-5
21965	4.1615133259979725E-5
22235	4.1615133259979725E-5
22301	4.1615133259979725E-5
22879	4.1615133259979725E-5
22942	4.1615133259979725E-5
22969	4.1615133259979725E-5
23201	4.1615133259979725E-5
23390	4.1615133259979725E-5
23412	4.1615133259979725E-5
23606	4.1615133259979725E-5
24266	4.1615133259979725E-5
24302	4.1615133259979725E-5
24353	4.1615133259979725E-5
24743	4.1615133259979725E-5
24746	4.1615133259979725E-5
25364	4.1615133259979725E-5
25636	4.1615133259979725E-5
25689	4.1615133259979725E-5
25748	4.1615133259979725E-5
26073	4.1615133259979725E-5
26216	4.1615133259979725E-5
26683	4.1615133259979725E-5
26951	4.1615133259979725E-5
27018	4.1615133259979725E-5
27128	4.1615133259979725E-5
27133	4.1615133259979725E-5
27144	4.1615133259979725E-5
27718	4.1615133259979725E-5
27746	4.1615133259979725E-5
27838	4.1615133259979725E-5
29310	4.1615133259979725E-5
29380	4.1615133259979725E-5
29709	4.1615133259979725E-5
30236	4.1615133259979725E-5
30939	4.1615133259979725E-5
30986	4.1615133259979725E-5
31046	4.1615133259979725E-5
32399	4.1615133259979725E-5
32430	4.1615133259979725E-5
33019	4.1615133259979725E-5
33214	4.1615133259979725E-5
34806	4.1615133259979725E-5
35473	4.1615133259979725E-5
36566	4.1615133259979725E-5
36618	4.1615133259979725E-5
37329	4.1615133259979725E-5
38040	4.1615133259979725E-5
39097	4.1615133259979725E-5
39143	4.1615133259979725E-5
41258	4.1615133259979725E-5
43307	4.1615133259979725E-5
44181	4.1615133259979725E-5
44231	4.1615133259979725E-5
44457	4.1615133259979725E-5
45386	4.1615133259979725E-5
51084	4.1615133259979725E-5
53677	4.1615133259979725E-5
56572	4.1615133259979725E-5
57245	4.1615133259979725E-5
57959	4.1615133259979725E-5
58967	4.1615133259979725E-5
59318	4.1615133259979725E-5
64334	4.1615133259979725E-5
69654	4.1615133259979725E-5
70059	4.1615133259979725E-5
80097	4.1615133259979725E-5
82834	4.1615133259979725E-5
83696	4.1615133259979725E-5
90969	4.1615133259979725E-5
97242	4.1615133259979725E-5
118529	4.1615133259979725E-5
153511	4.1615133259979725E-5
165248	4.1615133259979725E-5
