0	144
0	564
0	84
0	528
0	607
1	496
2	564
3	596
3	556
3	613
3	173
3	599
4	613
5	144
5	925
5	375
7	48
7	553
7	682
7	878
7	496
7	499
8	993
8	324
8	70
8	553
8	458
8	942
8	873
8	599
8	411
9	369
9	324
9	423
10	51
10	129
10	651
10	780
10	781
10	14
10	301
10	144
10	195
10	494
10	593
10	25
10	819
10	282
10	411
10	540
10	925
10	670
10	415
10	688
10	930
10	36
10	550
10	423
10	680
10	681
10	426
10	519
10	173
10	48
10	563
10	564
10	311
10	56
10	314
10	187
10	572
10	829
10	192
10	352
10	963
10	324
10	73
10	458
10	439
10	460
10	847
10	376
10	84
10	854
10	599
10	729
10	860
10	350
10	607
10	736
10	993
10	866
10	611
10	356
10	613
10	102
10	999
10	360
10	330
10	621
10	878
10	765
10	936
10	499
10	632
10	682
10	166
11	187
11	670
12	36
12	198
12	455
12	680
12	556
12	426
12	780
12	144
12	488
12	819
12	375
12	376
12	676
12	925
12	638
12	415
13	570
13	963
14	520
14	523
14	524
14	14
14	563
14	530
14	20
14	537
14	540
14	29
14	30
14	31
14	550
14	553
14	554
14	556
14	46
14	48
14	49
14	51
14	564
14	567
14	56
14	569
14	570
14	572
14	73
14	80
14	184
14	84
14	599
14	607
14	608
14	611
14	613
14	102
14	621
14	632
14	122
14	819
14	133
14	138
14	139
14	144
14	658
14	663
14	667
14	679
14	680
14	169
14	682
14	173
14	688
14	691
14	696
14	192
14	193
14	194
14	707
14	713
14	715
14	729
14	220
14	736
14	230
14	745
14	179
14	780
14	278
14	282
14	806
14	297
14	301
14	307
14	308
14	821
14	311
14	826
14	829
14	320
14	324
14	839
14	330
14	823
14	847
14	340
14	854
14	592
14	860
14	350
14	352
14	865
14	866
14	356
14	360
14	363
14	878
14	369
14	375
14	376
14	381
14	387
14	393
14	394
14	920
14	408
14	924
14	925
14	415
14	930
14	419
14	423
14	936
14	426
14	942
14	950
14	963
14	458
14	468
14	472
14	473
14	988
14	989
14	993
14	996
14	999
14	488
14	489
14	496
14	503
14	507
14	510
15	512
15	133
15	647
15	520
15	522
15	651
15	909
15	301
15	144
15	823
15	658
15	195
15	792
15	540
15	925
15	679
15	680
15	476
15	426
15	556
15	173
15	174
15	49
15	562
15	563
15	308
15	73
15	56
15	569
15	786
15	572
15	829
15	192
15	963
15	324
15	713
15	458
15	715
15	460
15	974
15	84
15	341
15	599
15	729
15	860
15	996
15	607
15	736
15	993
15	356
15	613
15	873
15	363
15	530
15	878
15	765
15	212
15	117
15	340
15	122
15	892
15	682
16	563
16	133
17	688
18	194
18	878
19	859
20	423
20	524
20	173
20	845
20	49
20	563
20	729
20	573
23	570
23	324
24	144
24	198
25	394
25	324
26	936
26	860
27	73
27	249
28	713
29	553
29	311
29	48
29	980
29	503
29	696
30	993
30	679
30	519
30	796
30	599
30	621
30	783
30	563
30	84
30	311
30	56
30	220
31	352
31	102
31	682
31	523
31	376
31	567
31	56
31	125
33	352
33	360
33	553
33	394
33	363
33	301
33	847
33	48
33	729
33	795
34	729
34	530
34	570
34	878
34	158
35	496
35	144
35	84
35	133
35	792
36	193
36	394
36	275
36	535
36	537
36	411
36	540
36	925
36	415
36	38
36	679
36	680
36	426
36	301
36	46
36	541
36	49
36	563
36	820
36	821
36	73
36	696
36	352
36	324
36	713
36	715
36	376
36	84
36	854
36	599
36	729
36	350
36	607
36	736
36	996
36	613
36	873
36	363
36	878
36	936
36	632
36	249
36	122
36	255
37	356
37	647
37	51
37	441
37	537
37	829
38	866
38	324
38	426
38	792
38	56
38	187
39	904
39	535
41	129
41	133
41	780
41	537
41	553
41	682
41	173
41	563
41	713
41	963
41	73
41	974
41	84
41	983
41	476
41	991
41	230
41	360
41	361
41	623
41	488
41	629
41	765
43	680
45	369
45	819
46	320
46	651
46	655
46	146
46	925
46	679
46	680
46	426
46	46
46	563
46	311
46	572
46	830
46	192
46	963
46	324
46	84
46	599
46	860
46	613
46	360
46	489
46	363
46	878
46	936
46	503
46	632
46	505
47	49
47	193
48	908
48	439
48	567
48	133
48	777
48	394
48	780
48	194
48	301
48	887
48	612
48	920
48	537
48	282
48	795
48	540
48	925
48	158
48	415
48	548
48	679
48	680
48	924
48	426
48	696
48	556
48	173
48	942
48	944
48	49
48	178
48	563
48	73
48	56
48	826
48	572
48	192
48	352
48	962
48	963
48	324
48	713
48	458
48	311
48	76
48	369
48	80
48	376
48	84
48	389
48	854
48	599
48	729
48	730
48	860
48	607
48	736
48	993
48	866
48	356
48	613
48	715
48	999
48	360
48	489
48	295
48	685
48	878
48	765
48	496
48	936
48	102
48	117
48	375
48	632
48	892
48	682
48	367
49	512
49	563
49	530
49	537
49	539
49	540
49	553
49	556
49	49
49	51
49	564
49	567
49	56
49	570
49	572
49	69
49	73
49	80
49	84
49	599
49	607
49	611
49	613
49	103
49	106
49	107
49	621
49	626
49	117
49	632
49	122
49	133
49	144
49	658
49	795
49	679
49	680
49	682
49	173
49	175
49	691
49	696
49	187
49	629
49	192
49	194
49	713
49	715
49	206
49	729
49	736
49	241
49	764
49	768
49	777
49	780
49	275
49	282
49	283
49	797
49	560
49	806
49	298
49	301
49	819
49	308
49	311
49	820
49	826
49	829
49	320
49	324
49	845
49	847
49	339
49	340
49	854
49	592
49	860
49	314
49	350
49	352
49	356
49	357
49	360
49	873
49	363
49	146
49	878
49	369
49	268
49	376
49	382
49	895
49	394
49	908
49	920
49	411
49	925
49	415
49	930
49	423
49	936
49	426
49	944
49	439
49	962
49	963
49	967
49	458
49	993
49	496
49	170
50	98
50	676
50	680
50	426
50	363
50	301
50	688
50	819
50	564
50	632
50	682
51	129
51	912
51	193
51	394
51	651
51	908
51	785
51	301
51	144
51	344
51	323
51	494
51	792
51	540
51	925
51	670
51	676
51	679
51	680
51	412
51	426
51	683
51	173
51	563
51	564
51	73
51	56
51	313
51	826
51	572
51	829
51	192
51	352
51	963
51	324
51	584
51	713
51	458
51	311
51	361
51	974
51	369
51	592
51	84
51	270
51	599
51	216
51	729
51	975
51	860
51	570
51	607
51	736
51	993
51	611
51	356
51	613
51	715
51	999
51	489
51	621
51	878
51	496
51	936
51	499
51	873
51	632
51	468
51	507
51	892
51	682
51	510
53	499
54	680
54	84
54	133
55	680
55	426
55	572
55	394
55	286
56	512
56	563
56	530
56	819
56	540
56	548
56	553
56	554
56	564
56	566
56	265
56	56
56	572
56	69
56	73
56	586
56	592
56	84
56	599
56	607
56	611
56	613
56	102
56	621
56	626
56	117
56	361
56	632
56	122
56	133
56	135
56	138
56	109
56	144
56	658
56	667
56	679
56	680
56	682
56	683
56	173
56	179
56	696
56	192
56	193
56	194
56	713
56	715
56	729
56	218
56	222
56	736
56	230
56	241
56	765
56	777
56	780
56	781
56	271
56	275
56	792
56	282
56	283
56	811
56	301
56	307
56	308
56	311
56	826
56	315
56	829
56	324
56	839
56	328
56	854
56	860
56	314
56	862
56	352
56	356
56	360
56	873
56	363
56	878
56	369
56	376
56	890
56	379
56	904
56	394
56	408
56	836
56	925
56	415
56	930
56	936
56	426
56	942
56	962
56	963
56	458
56	460
56	473
56	989
56	991
56	993
56	495
56	496
56	119
57	360
58	678
60	73
60	570
60	895
61	680
61	360
61	476
61	569
62	488
63	680
63	599
64	599
65	878
66	563
66	311
67	759
68	535
69	480
69	360
69	930
69	963
69	193
69	680
69	73
69	458
69	503
69	524
69	500
69	878
69	599
69	632
69	729
69	860
70	817
72	680
73	512
73	631
73	563
73	530
73	537
73	540
73	553
73	564
73	570
73	572
73	580
73	73
73	80
73	184
73	84
73	599
73	607
73	98
73	611
73	613
73	102
73	621
73	622
73	117
73	119
73	632
73	121
73	122
73	133
73	138
73	139
73	655
73	144
73	658
73	149
73	667
73	670
73	676
73	679
73	680
73	682
73	173
73	688
73	691
73	696
73	699
73	629
73	192
73	193
73	194
73	713
73	715
73	215
73	729
73	218
73	736
73	229
73	366
73	765
73	768
73	179
73	778
73	780
73	781
73	278
73	792
73	282
73	286
73	561
73	301
73	816
73	819
73	308
73	821
73	311
73	825
73	826
73	315
73	829
73	831
73	324
73	823
73	847
73	339
73	340
73	854
73	860
73	350
73	352
73	866
73	356
73	360
73	363
73	146
73	878
73	369
73	375
73	376
73	892
73	904
73	394
73	909
73	915
73	925
73	415
73	930
73	932
73	421
73	936
73	426
73	942
73	439
73	962
73	963
73	454
73	967
73	458
73	973
73	977
73	473
73	478
73	993
73	998
73	999
73	488
73	489
73	494
73	496
73	503
74	865
74	98
74	139
74	680
74	540
74	363
74	524
74	301
74	173
74	80
74	978
74	826
74	860
74	925
74	607
76	301
76	878
76	942
77	376
78	920
79	441
80	768
80	473
80	133
80	904
80	535
80	301
80	144
80	920
80	530
80	691
80	278
80	537
80	792
80	819
80	540
80	925
80	670
80	415
80	418
80	679
80	680
80	426
80	556
80	173
80	733
80	563
80	566
80	371
80	826
80	187
80	153
80	192
80	963
80	324
80	991
80	865
80	713
80	311
80	332
80	847
80	80
80	84
80	854
80	599
80	729
80	860
80	570
80	607
80	352
80	993
80	354
80	356
80	613
80	102
80	999
80	360
80	363
80	621
80	878
80	496
80	645
80	627
80	375
80	376
80	340
80	122
80	508
81	680
81	713
81	854
81	878
84	512
84	428
84	524
84	563
84	530
84	887
84	537
84	539
84	540
84	550
84	553
84	556
84	562
84	564
84	565
84	265
84	569
84	570
84	572
84	437
84	590
84	84
84	599
84	607
84	685
84	98
84	611
84	613
84	102
84	621
84	622
84	627
84	117
84	119
84	632
84	122
84	819
84	127
84	129
84	131
84	133
84	137
84	138
84	651
84	144
84	658
84	154
84	667
84	670
84	679
84	680
84	682
84	683
84	173
84	688
84	115
84	181
84	696
84	698
84	192
84	193
84	194
84	709
84	198
84	713
84	715
84	729
84	730
84	736
84	229
84	748
84	765
84	768
84	775
84	777
84	780
84	781
84	278
84	792
84	282
84	283
84	796
84	645
84	290
84	806
84	298
84	301
84	303
84	307
84	308
84	311
84	826
84	829
84	320
84	324
84	839
84	330
84	823
84	845
84	847
84	340
84	854
84	343
84	859
84	860
84	350
84	352
84	865
84	866
84	356
84	360
84	873
84	363
84	878
84	880
84	369
84	375
84	376
84	892
84	895
84	904
84	394
84	395
84	908
84	920
84	411
84	412
84	925
84	415
84	930
84	423
84	936
84	426
84	940
84	942
84	431
84	435
84	158
84	439
84	441
84	962
84	963
84	967
84	968
84	458
84	468
84	469
84	473
84	988
84	989
84	991
84	993
84	999
84	488
84	489
84	494
84	496
84	503
84	596
84	507
84	170
84	510
85	352
86	942
87	648
87	733
90	458
90	173
93	352
93	878
94	185
94	765
95	592
95	645
95	198
95	599
96	283
96	780
98	133
98	394
98	523
98	301
98	144
98	658
98	536
98	537
98	282
98	412
98	925
98	645
98	369
98	680
98	553
98	426
98	556
98	173
98	922
98	687
98	561
98	563
98	564
98	181
98	825
98	192
98	193
98	324
98	865
98	330
98	715
98	376
98	469
98	599
98	729
98	271
98	860
98	350
98	607
98	352
98	993
98	102
98	487
98	530
98	936
98	632
98	298
98	510
99	792
101	841
101	883
102	513
102	439
102	193
102	567
102	524
102	301
102	408
102	658
102	661
102	792
102	819
102	540
102	925
102	670
102	930
102	421
102	679
102	680
102	426
102	556
102	173
102	942
102	563
102	564
102	138
102	570
102	572
102	330
102	703
102	192
102	352
102	963
102	324
102	488
102	812
102	713
102	458
102	715
102	354
102	847
102	696
102	599
102	729
102	730
102	860
102	607
102	736
102	993
102	356
102	360
102	873
102	621
102	878
102	765
102	496
102	936
102	122
102	682
102	510
104	488
104	426
106	488
106	993
106	570
107	352
107	627
107	930
107	679
107	715
107	825
107	494
107	178
107	563
107	462
107	599
107	537
107	119
107	607
109	352
109	324
109	458
109	780
109	696
109	567
109	218
109	826
109	765
109	158
113	324
114	376
114	426
115	387
115	900
115	973
115	117
115	860
116	375
117	133
117	904
117	780
117	275
117	925
117	930
117	291
117	548
117	241
117	680
117	426
117	173
117	563
117	564
117	311
117	308
117	829
117	574
117	192
117	962
117	963
117	324
117	200
117	825
117	599
117	729
117	991
117	611
117	999
117	363
117	748
117	936
117	886
117	632
117	510
117	127
118	530
119	908
119	781
119	301
119	786
119	412
119	925
119	859
119	423
119	680
119	553
119	173
119	690
119	563
119	311
119	324
119	198
119	557
119	599
119	655
119	860
119	733
119	607
119	352
119	866
119	613
119	999
119	488
119	489
119	878
119	360
119	681
119	122
120	563
121	679
122	524
122	530
122	537
122	556
122	563
122	566
122	570
122	572
122	592
122	599
122	607
122	611
122	613
122	614
122	873
122	632
122	638
122	651
122	144
122	658
122	156
122	675
122	679
122	680
122	683
122	173
122	192
122	193
122	713
122	715
122	729
122	736
122	747
122	241
122	757
122	763
122	767
122	768
122	769
122	780
122	283
122	804
122	296
122	301
122	814
122	819
122	308
122	821
122	311
122	825
122	829
122	324
122	993
122	330
122	854
122	860
122	350
122	352
122	356
122	360
122	361
122	363
122	878
122	895
122	920
122	924
122	925
122	936
122	426
122	439
122	963
122	458
122	473
122	478
122	489
122	494
122	496
122	503
123	352
125	192
125	962
125	356
125	679
125	680
125	713
125	423
125	655
125	137
125	367
125	925
125	798
126	930
126	301
128	736
128	930
128	563
128	343
128	632
128	314
129	613
129	680
129	489
129	363
129	878
129	599
129	572
129	133
130	699
130	854
131	280
131	993
131	173
133	512
133	530
133	535
133	536
133	537
133	540
133	548
133	553
133	563
133	564
133	570
133	572
133	599
133	607
133	685
133	611
133	613
133	614
133	621
133	622
133	629
133	632
133	133
133	144
133	147
133	679
133	680
133	682
133	173
133	201
133	696
133	192
133	194
133	196
133	713
133	715
133	729
133	736
133	744
133	234
133	755
133	768
133	780
133	275
133	792
133	808
133	301
133	307
133	821
133	311
133	825
133	826
133	324
133	839
133	845
133	847
133	340
133	860
133	350
133	352
133	356
133	360
133	873
133	363
133	878
133	369
133	376
133	394
133	908
133	411
133	412
133	925
133	415
133	930
133	936
133	426
133	942
133	450
133	963
133	458
133	989
133	993
133	999
133	488
133	494
133	496
134	680
134	352
135	713
135	599
136	993
136	458
136	681
136	599
137	632
138	713
138	993
138	930
138	458
138	839
138	426
138	173
138	563
138	599
138	891
138	736
139	512
139	422
139	215
139	658
139	920
139	925
139	806
139	936
139	301
139	561
139	563
139	696
139	961
139	324
139	965
139	854
139	599
139	860
139	866
139	611
139	613
139	361
139	621
139	496
139	632
140	736
140	611
140	426
140	307
140	826
140	458
141	726
141	679
142	826
144	520
144	530
144	535
144	537
144	540
144	550
144	553
144	554
144	562
144	564
144	567
144	569
144	570
144	572
144	577
144	599
144	607
144	611
144	613
144	621
144	632
144	144
144	658
144	679
144	680
144	169
144	682
144	173
144	696
144	187
144	192
144	193
144	198
144	713
144	715
144	209
144	726
144	729
144	736
144	765
144	768
144	278
144	792
144	561
144	301
144	563
144	311
144	826
144	829
144	324
144	341
144	854
144	860
144	352
144	356
144	360
144	363
144	878
144	373
144	892
144	385
144	394
144	908
144	925
144	415
144	930
144	419
144	932
144	936
144	426
144	963
144	458
144	985
144	993
144	999
144	494
144	496
144	681
145	850
146	651
146	658
146	411
146	925
146	798
146	930
146	679
146	563
146	184
146	570
146	187
146	830
146	192
146	963
146	324
146	458
146	845
146	974
146	599
146	729
146	730
146	350
146	993
146	999
146	488
146	621
146	878
146	496
146	629
146	632
148	592
149	324
150	193
150	550
150	967
150	878
150	943
150	599
150	925
152	850
155	729
155	631
155	455
156	419
156	999
156	329
156	490
156	955
156	691
156	854
156	599
156	792
156	795
156	476
156	570
157	553
157	878
158	909
158	925
158	670
158	547
158	936
158	553
158	170
158	683
158	942
158	563
158	567
158	324
158	713
158	823
158	599
158	736
158	878
158	496
158	241
158	761
160	376
160	974
162	962
163	736
163	563
163	301
163	917
164	307
165	360
165	426
166	556
167	426
167	458
169	352
169	993
169	859
169	792
169	613
169	999
169	394
169	369
169	563
169	691
169	696
169	411
170	680
170	540
170	829
172	920
173	524
173	563
173	530
173	887
173	535
173	537
173	538
173	540
173	550
173	553
173	556
173	564
173	566
173	820
173	570
173	572
173	906
173	599
173	607
173	611
173	613
173	621
173	622
173	361
173	632
173	819
173	651
173	655
173	658
173	676
173	679
173	680
173	682
173	455
173	173
173	688
173	689
173	180
173	696
173	187
173	192
173	193
173	194
173	198
173	713
173	715
173	208
173	209
173	726
173	729
173	736
173	748
173	763
173	765
173	768
173	780
173	781
173	813
173	792
173	645
173	298
173	301
173	307
173	308
173	821
173	311
173	825
173	826
173	829
173	324
173	838
173	823
173	845
173	847
173	339
173	854
173	313
173	592
173	859
173	860
173	314
173	350
173	352
173	865
173	866
173	356
173	360
173	873
173	363
173	878
173	369
173	886
173	375
173	376
173	890
173	892
173	381
173	895
173	389
173	904
173	394
173	908
173	920
173	921
173	411
173	925
173	415
173	930
173	419
173	423
173	936
173	426
173	940
173	942
173	438
173	440
173	963
173	967
173	458
173	985
173	991
173	993
173	999
173	488
173	489
173	935
173	495
173	496
173	503
173	596
173	510
174	375
174	729
174	411
175	680
176	963
178	716
179	961
179	194
179	611
179	553
179	680
179	330
179	363
179	780
179	563
179	599
179	632
179	540
179	931
180	866
181	311
181	599
182	350
183	632
183	563
183	375
184	229
184	878
184	599
184	441
185	360
186	426
186	308
187	389
187	301
187	535
187	925
187	416
187	930
187	680
187	426
187	688
187	563
187	696
187	192
187	963
187	324
187	599
187	860
187	350
187	607
187	352
187	611
187	356
187	360
187	622
187	496
187	488
187	632
189	752
189	829
191	352
191	524
191	324
191	415
192	512
192	563
192	530
192	537
192	540
192	547
192	553
192	556
192	562
192	564
192	566
192	570
192	572
192	599
192	527
192	607
192	611
192	613
192	621
192	361
192	632
192	638
192	651
192	653
192	658
192	670
192	679
192	680
192	682
192	688
192	691
192	201
192	696
192	192
192	193
192	194
192	197
192	198
192	713
192	715
192	729
192	730
192	736
192	234
192	766
192	768
192	780
192	273
192	787
192	278
192	792
192	283
192	796
192	298
192	301
192	819
192	308
192	311
192	826
192	829
192	324
192	330
192	854
192	592
192	859
192	860
192	350
192	352
192	866
192	356
192	360
192	873
192	363
192	878
192	376
192	890
192	892
192	381
192	387
192	394
192	915
192	920
192	411
192	924
192	925
192	415
192	930
192	421
192	423
192	936
192	426
192	438
192	439
192	962
192	963
192	458
192	972
192	987
192	993
192	999
192	488
192	496
192	508
192	510
193	898
193	375
193	193
193	307
193	394
193	652
193	396
193	653
193	301
193	494
193	792
193	819
193	282
193	283
193	925
193	670
193	672
193	290
193	547
193	679
193	680
193	426
193	942
193	563
193	564
193	695
193	826
193	699
193	352
193	194
193	963
193	324
193	198
193	199
193	458
193	715
193	482
193	725
193	599
193	729
193	783
193	860
193	350
193	607
193	736
193	993
193	611
193	356
193	613
193	360
193	873
193	492
193	621
193	878
193	496
193	936
193	503
193	340
193	892
193	784
193	895
194	747
194	523
194	780
194	301
194	792
194	819
194	925
194	930
194	369
194	680
194	553
194	563
194	311
194	314
194	699
194	959
194	324
194	837
194	198
194	462
194	696
194	854
194	599
194	729
194	730
194	350
194	607
194	352
194	611
194	489
194	363
194	621
194	496
194	936
194	340
194	524
196	530
196	411
198	875
198	394
198	524
198	655
198	658
198	985
198	537
198	925
198	415
198	930
198	679
198	680
198	971
198	556
198	563
198	823
198	570
198	572
198	778
198	962
198	587
198	324
198	837
198	713
198	458
198	369
198	592
198	376
198	726
198	599
198	729
198	847
198	860
198	607
198	736
198	866
198	611
198	613
198	486
198	231
198	489
198	363
198	878
198	240
198	936
198	361
198	632
199	751
201	611
201	680
201	426
201	563
202	376
202	777
205	713
205	518
208	439
209	356
209	679
209	340
209	553
209	599
209	563
209	564
209	854
209	311
209	324
209	282
209	572
209	701
212	488
212	301
212	599
212	632
212	410
212	495
214	275
214	819
215	866
216	510
216	350
216	535
218	356
218	621
218	765
218	658
218	468
218	925
218	415
220	356
220	613
220	688
220	561
220	792
220	676
220	925
220	549
221	496
221	854
222	394
222	301
222	415
223	599
224	878
226	688
228	311
229	866
229	875
229	458
229	363
229	301
229	973
229	437
229	873
229	792
229	340
229	570
229	283
229	426
230	361
230	363
230	599
230	925
231	865
231	833
231	651
231	878
231	430
231	826
231	863
233	375
234	680
234	489
234	240
234	936
235	301
237	993
239	408
239	729
240	713
241	738
241	556
241	301
241	845
241	658
241	308
241	854
241	599
241	925
241	350
242	324
242	614
242	680
242	426
242	311
242	410
243	607
244	680
244	360
244	715
244	264
245	308
246	283
247	488
250	819
251	572
255	496
255	824
256	680
257	535
261	680
261	930
261	282
261	415
262	376
262	301
264	993
264	611
264	563
264	691
264	826
265	611
265	709
265	488
265	553
265	426
265	460
265	594
265	622
265	496
265	530
265	473
265	632
265	537
265	826
265	572
265	394
265	415
266	792
266	651
268	356
269	713
269	298
269	622
269	361
270	768
270	271
270	563
270	274
270	411
270	803
270	680
270	426
270	689
270	826
270	572
270	729
270	860
270	736
270	611
270	356
270	489
270	490
270	363
270	298
270	895
271	709
271	488
271	307
271	369
271	530
271	563
271	759
271	314
272	680
272	426
273	632
273	920
273	681
275	736
275	324
275	369
275	680
275	412
275	691
275	815
275	496
275	530
275	563
275	599
275	411
275	540
275	350
275	607
278	908
278	780
278	781
278	537
278	418
278	547
278	680
278	553
278	426
278	556
278	563
278	308
278	696
278	826
278	829
278	963
278	324
278	488
278	713
278	458
278	311
278	909
278	854
278	599
278	729
278	860
278	592
278	356
278	613
278	360
278	489
278	496
278	936
278	759
278	376
279	963
280	352
280	963
280	613
280	969
280	847
280	729
281	768
281	688
282	691
282	411
282	925
282	415
282	679
282	680
282	426
282	563
282	826
282	713
282	458
282	311
282	845
282	599
282	729
282	352
282	993
282	356
282	613
282	999
282	360
282	878
282	638
282	895
283	768
283	512
283	645
283	390
283	961
283	522
283	910
283	658
283	792
283	819
283	411
283	925
283	329
283	689
283	680
283	988
283	426
283	811
283	556
283	942
283	563
283	308
283	311
283	572
283	829
283	322
283	324
283	713
283	696
283	599
283	729
283	860
283	350
283	607
283	864
283	611
283	873
283	363
283	878
283	496
283	376
286	375
286	847
286	607
287	729
290	458
295	489
295	356
295	680
295	556
295	780
295	402
295	878
295	562
295	311
295	324
295	415
298	768
298	780
298	301
298	658
298	691
298	408
298	540
298	925
298	930
298	548
298	679
298	680
298	553
298	426
298	690
298	563
298	314
298	961
298	324
298	713
298	458
298	802
298	599
298	729
298	860
298	350
298	993
298	739
298	356
298	613
298	487
298	489
298	423
298	936
298	373
298	873
298	632
298	682
299	873
299	820
300	537
300	563
301	512
301	699
301	524
301	563
301	530
301	537
301	540
301	542
301	553
301	554
301	564
301	570
301	572
301	599
301	607
301	611
301	613
301	621
301	622
301	632
301	819
301	651
301	658
301	679
301	680
301	681
301	682
301	689
301	691
301	696
301	713
301	715
301	729
301	736
301	738
301	742
301	380
301	747
301	756
301	638
301	780
301	795
301	301
301	814
301	307
301	308
301	311
301	825
301	826
301	315
301	829
301	324
301	850
301	854
301	345
301	860
301	314
301	350
301	352
301	866
301	356
301	360
301	361
301	363
301	878
301	367
301	886
301	375
301	376
301	892
301	394
301	913
301	920
301	411
301	924
301	925
301	415
301	928
301	930
301	936
301	412
301	426
301	436
301	439
301	961
301	962
301	963
301	458
301	974
301	983
301	473
301	989
301	991
301	993
301	482
301	999
301	488
301	489
301	494
301	495
301	496
301	503
303	736
303	489
303	682
303	988
303	599
303	729
303	540
303	925
303	607
304	963
304	580
304	845
305	376
305	550
306	904
306	908
307	530
307	691
307	792
307	925
307	415
307	547
307	804
307	550
307	680
307	426
307	560
307	563
307	311
307	826
307	324
307	454
307	713
307	458
307	592
307	467
307	854
307	599
307	729
307	655
307	607
307	993
307	611
307	356
307	360
307	748
307	878
307	496
307	936
307	628
307	632
307	507
307	554
307	895
308	908
308	439
308	577
308	904
308	394
308	780
308	658
308	819
308	925
308	930
308	859
308	420
308	679
308	680
308	553
308	426
308	696
308	556
308	942
308	563
308	308
308	826
308	955
308	572
308	829
308	352
308	962
308	963
308	324
308	353
308	713
308	311
308	460
308	974
308	376
308	851
308	711
308	854
308	599
308	729
308	621
308	607
308	736
308	993
308	356
308	613
308	530
308	622
308	496
308	936
308	499
308	503
308	632
308	381
309	993
309	963
309	645
309	679
309	563
309	613
311	524
311	563
311	530
311	535
311	537
311	540
311	550
311	553
311	554
311	564
311	570
311	572
311	573
311	599
311	607
311	611
311	613
311	621
311	632
311	819
311	658
311	451
311	679
311	680
311	681
311	682
311	695
311	713
311	715
311	729
311	733
311	736
311	759
311	765
311	768
311	777
311	780
311	792
311	798
311	311
311	826
311	829
311	830
311	324
311	844
311	854
311	860
311	861
311	350
311	352
311	656
311	866
311	356
311	360
311	873
311	363
311	878
311	369
311	375
311	897
311	394
311	908
311	407
311	920
311	921
311	410
311	411
311	925
311	930
311	936
311	426
311	944
311	963
311	454
311	455
311	456
311	458
311	473
311	475
311	477
311	993
311	999
311	488
311	494
311	496
311	503
313	680
314	908
314	658
314	793
314	925
314	415
314	550
314	819
314	394
314	962
314	974
314	854
314	983
314	860
314	607
314	996
314	613
314	614
314	878
314	829
314	380
315	930
315	424
315	356
315	488
315	688
315	561
315	564
315	713
315	350
316	396
316	324
317	854
318	955
319	680
319	658
319	324
319	962
320	854
322	564
322	925
323	993
323	324
323	805
323	680
323	777
323	496
323	530
323	563
323	788
323	376
323	729
323	925
323	415
324	512
324	699
324	631
324	524
324	614
324	563
324	530
324	887
324	537
324	540
324	546
324	547
324	550
324	551
324	553
324	556
324	564
324	566
324	567
324	570
324	572
324	599
324	607
324	611
324	613
324	621
324	626
324	632
324	636
324	819
324	651
324	658
324	670
324	672
324	795
324	676
324	679
324	680
324	681
324	682
324	688
324	691
324	696
324	713
324	715
324	729
324	736
324	742
324	747
324	756
324	757
324	759
324	765
324	766
324	768
324	777
324	780
324	783
324	792
324	806
324	561
324	821
324	825
324	826
324	829
324	324
324	837
324	838
324	330
324	845
324	847
324	339
324	340
324	854
324	343
324	592
324	860
324	350
324	352
324	865
324	866
324	356
324	360
324	873
324	363
324	878
324	369
324	883
324	375
324	376
324	892
324	895
324	387
324	904
324	394
324	908
324	909
324	408
324	410
324	411
324	925
324	926
324	415
324	930
324	423
324	936
324	426
324	942
324	944
324	439
324	952
324	959
324	961
324	962
324	963
324	454
324	967
324	458
324	460
324	418
324	473
324	989
324	993
324	999
324	488
324	489
324	495
324	496
324	503
324	510
325	613
327	837
328	563
329	680
329	476
329	394
329	991
330	736
330	963
330	426
330	651
330	792
330	658
330	563
330	854
330	599
330	632
330	458
332	903
332	780
332	688
332	691
332	376
332	572
332	607
333	348
334	860
335	496
335	421
335	854
337	658
337	908
338	599
339	458
339	961
339	930
339	963
339	936
339	426
339	829
339	688
339	658
339	819
339	662
339	632
339	904
339	540
339	925
340	513
340	898
340	658
340	408
340	411
340	925
340	670
340	422
340	561
340	680
340	681
340	426
340	940
340	563
340	352
340	963
340	713
340	714
340	975
340	599
340	729
340	860
340	607
340	736
340	613
340	360
340	361
340	878
340	496
340	936
340	632
342	936
343	993
343	936
343	426
343	715
343	564
343	369
343	599
343	356
343	570
343	380
343	829
343	607
345	680
347	993
347	530
348	488
348	649
348	629
348	572
348	925
349	729
349	356
350	768
350	909
350	658
350	622
350	537
350	412
350	925
350	930
350	933
350	679
350	680
350	426
350	477
350	563
350	948
350	825
350	826
350	572
350	829
350	352
350	963
350	713
350	458
350	460
350	974
350	548
350	854
350	599
350	729
350	860
350	570
350	607
350	736
350	993
350	356
350	999
350	360
350	363
350	621
350	878
350	496
350	936
350	370
350	499
350	632
350	892
350	895
351	805
352	563
352	530
352	537
352	540
352	550
352	553
352	556
352	564
352	567
352	569
352	572
352	599
352	607
352	611
352	613
352	620
352	621
352	622
352	629
352	632
352	652
352	653
352	658
352	676
352	679
352	680
352	682
352	683
352	688
352	689
352	691
352	713
352	715
352	729
352	730
352	736
352	765
352	768
352	780
352	819
352	821
352	825
352	826
352	829
352	831
352	847
352	854
352	592
352	860
352	352
352	866
352	356
352	360
352	873
352	874
352	363
352	878
352	369
352	376
352	892
352	895
352	898
352	394
352	908
352	919
352	408
352	925
352	415
352	928
352	930
352	421
352	936
352	426
352	942
352	963
352	967
352	458
352	477
352	993
352	999
352	488
352	489
352	495
352	496
352	503
353	878
353	599
354	729
354	394
354	361
355	356
356	524
356	563
356	530
356	535
356	537
356	540
356	550
356	553
356	564
356	569
356	570
356	572
356	599
356	607
356	611
356	613
356	622
356	632
356	819
356	651
356	658
356	670
356	679
356	680
356	681
356	682
356	691
356	696
356	713
356	715
356	716
356	729
356	736
356	755
356	768
356	780
356	783
356	787
356	792
356	808
356	826
356	829
356	837
356	854
356	860
356	865
356	356
356	360
356	363
356	878
356	369
356	886
356	376
356	892
356	905
356	394
356	911
356	408
356	411
356	925
356	415
356	930
356	423
356	936
356	426
356	942
356	950
356	439
356	953
356	963
356	458
356	418
356	991
356	993
356	996
356	999
356	488
356	495
356	496
356	503
356	510
357	681
358	563
358	748
360	519
360	537
360	540
360	550
360	551
360	553
360	556
360	563
360	564
360	566
360	567
360	570
360	572
360	599
360	607
360	611
360	613
360	632
360	819
360	653
360	658
360	679
360	680
360	698
360	545
360	713
360	729
360	730
360	736
360	752
360	769
360	780
360	645
360	826
360	829
360	834
360	845
360	847
360	860
360	360
360	363
360	878
360	369
360	904
360	394
360	920
360	925
360	415
360	936
360	426
360	437
360	962
360	963
360	965
360	967
360	458
360	985
360	993
360	999
360	489
360	496
360	510
361	645
361	777
361	563
361	658
361	691
361	540
361	925
361	670
361	679
361	680
361	814
361	688
361	689
361	562
361	450
361	458
361	847
361	592
361	983
361	599
361	729
361	860
361	866
361	488
361	748
361	530
361	494
361	759
361	376
361	510
363	512
363	537
363	540
363	550
363	553
363	556
363	563
363	567
363	570
363	572
363	580
363	599
363	607
363	611
363	613
363	621
363	632
363	679
363	680
363	689
363	696
363	713
363	722
363	548
363	736
363	765
363	768
363	780
363	781
363	729
363	821
363	826
363	829
363	847
363	854
363	860
363	741
363	866
363	878
363	369
363	375
363	394
363	908
363	408
363	410
363	411
363	925
363	930
363	423
363	936
363	426
363	962
363	963
363	458
363	462
363	989
363	993
363	996
363	999
363	488
363	496
363	499
364	496
365	847
366	936
367	963
367	422
367	925
367	496
367	634
369	952
369	777
369	651
369	780
369	655
369	985
369	473
369	580
369	540
369	925
369	930
369	550
369	679
369	680
369	476
369	426
369	942
369	983
369	563
369	437
369	570
369	963
369	709
369	713
369	458
369	376
369	854
369	599
369	729
369	860
369	607
369	736
369	993
369	867
369	613
369	878
369	936
369	446
369	632
369	382
369	895
370	729
371	713
373	713
373	845
373	878
373	781
373	599
375	651
375	524
375	530
375	540
375	925
375	548
375	679
375	680
375	796
375	563
375	564
375	713
375	696
375	826
375	443
375	829
375	963
375	847
375	854
375	599
375	729
375	993
375	613
375	715
375	877
375	495
375	496
375	936
375	809
375	376
376	553
376	563
376	572
376	573
376	599
376	607
376	611
376	613
376	873
376	632
376	646
376	657
376	670
376	676
376	680
376	682
376	693
376	696
376	713
376	548
376	733
376	736
376	777
376	780
376	781
376	729
376	817
376	819
376	826
376	829
376	854
376	860
376	865
376	878
376	887
376	411
376	925
376	422
376	936
376	426
376	944
376	962
376	963
376	458
376	973
376	974
376	984
376	476
376	993
376	999
376	488
376	496
376	510
378	780
379	418
379	599
380	496
380	993
381	577
381	421
381	680
381	576
383	564
383	621
386	680
386	426
386	925
386	486
386	599
387	865
387	866
387	679
387	680
387	572
387	426
387	878
387	847
387	592
387	560
387	553
387	729
387	570
387	495
387	860
387	816
388	826
389	613
389	524
389	426
389	780
389	819
389	599
389	729
389	607
390	632
390	563
390	421
391	499
392	819
394	563
394	537
394	540
394	547
394	553
394	556
394	564
394	566
394	569
394	572
394	582
394	599
394	607
394	611
394	613
394	621
394	622
394	631
394	632
394	680
394	682
394	713
394	715
394	729
394	730
394	736
394	768
394	780
394	783
394	796
394	645
394	819
394	826
394	831
394	845
394	854
394	860
394	873
394	878
394	887
394	912
394	411
394	924
394	925
394	415
394	419
394	422
394	936
394	426
394	437
394	963
394	458
394	993
394	999
394	488
394	495
394	496
394	681
395	932
395	730
395	613
395	878
396	936
396	553
396	458
396	780
396	632
396	735
397	884
398	736
398	896
398	611
398	530
398	542
398	991
401	878
405	713
407	854
408	777
408	524
408	658
408	819
408	550
408	423
408	680
408	553
408	556
408	942
408	563
408	826
408	854
408	599
408	473
408	607
408	736
408	993
408	999
408	621
408	496
408	936
408	468
409	666
410	768
410	512
410	488
410	680
410	873
410	942
410	823
410	936
410	658
410	854
410	632
410	729
410	925
410	421
411	747
411	523
411	780
411	537
411	819
411	540
411	925
411	670
411	415
411	667
411	680
411	426
411	563
411	564
411	542
411	963
411	709
411	908
411	715
411	599
411	729
411	602
411	985
411	860
411	736
411	993
411	613
411	685
411	999
411	468
411	494
411	496
411	632
411	635
411	682
411	524
412	961
412	936
412	495
412	563
412	473
412	729
412	883
412	540
412	925
415	908
415	512
415	904
415	651
415	780
415	658
415	622
415	985
415	920
415	819
415	540
415	925
415	415
415	930
415	547
415	582
415	680
415	681
415	426
415	563
415	437
415	566
415	570
415	572
415	829
415	963
415	488
415	455
415	713
415	458
415	847
415	696
415	595
415	983
415	599
415	729
415	860
415	607
415	736
415	993
415	611
415	613
415	999
415	489
415	530
415	878
415	496
415	936
415	499
415	503
415	632
415	554
415	638
417	553
417	682
417	564
417	847
418	993
418	553
418	742
418	680
418	563
418	599
418	729
418	829
419	642
419	516
419	777
419	781
419	530
419	792
419	925
419	423
419	426
419	688
419	563
419	826
419	967
419	729
419	860
419	736
419	883
419	765
419	510
420	613
420	878
421	426
421	878
421	496
421	691
421	854
421	570
421	925
422	458
422	476
422	607
423	554
423	777
423	780
423	920
423	691
423	925
423	680
423	682
423	944
423	563
423	569
423	699
423	829
423	962
423	963
423	887
423	599
423	729
423	736
423	613
423	999
423	488
423	878
423	496
423	426
423	766
424	553
424	530
424	903
425	632
425	930
425	613
426	516
426	699
426	523
426	524
426	563
426	530
426	537
426	540
426	550
426	553
426	556
426	562
426	564
426	570
426	572
426	599
426	607
426	611
426	613
426	621
426	631
426	632
426	819
426	646
426	651
426	658
426	665
426	670
426	676
426	679
426	680
426	682
426	688
426	696
426	629
426	713
426	715
426	729
426	730
426	733
426	736
426	756
426	765
426	768
426	779
426	780
426	781
426	792
426	798
426	645
426	814
426	826
426	829
426	830
426	845
426	847
426	854
426	592
426	859
426	860
426	881
426	865
426	866
426	873
426	878
426	885
426	887
426	892
426	908
426	924
426	925
426	930
426	936
426	426
426	942
426	944
426	438
426	439
426	962
426	963
426	455
426	458
426	460
426	973
426	473
426	986
426	989
426	993
426	996
426	999
426	488
426	489
426	496
426	499
426	500
426	503
426	505
428	905
430	613
430	621
430	629
430	793
430	925
431	653
435	999
437	512
437	993
437	936
437	908
437	780
437	530
437	878
437	621
437	816
437	658
437	563
437	599
437	826
437	892
437	554
438	895
439	780
439	530
439	680
439	563
439	440
439	572
439	716
439	854
439	599
439	473
439	878
439	496
439	632
439	892
439	524
440	768
440	572
440	925
441	963
441	682
441	780
441	973
441	878
441	829
441	658
441	563
441	981
441	823
441	632
441	925
441	670
442	537
443	878
446	621
447	860
447	925
450	930
450	936
450	489
450	496
450	561
450	658
450	925
452	570
452	666
454	611
454	599
454	557
455	936
455	969
455	765
455	729
455	602
455	458
458	512
458	563
458	530
458	537
458	540
458	548
458	553
458	554
458	564
458	569
458	570
458	572
458	592
458	599
458	607
458	611
458	613
458	627
458	632
458	819
458	653
458	658
458	673
458	679
458	680
458	681
458	682
458	683
458	696
458	699
458	713
458	715
458	462
458	729
458	736
458	747
458	759
458	768
458	777
458	780
458	783
458	784
458	792
458	823
458	826
458	829
458	845
458	847
458	854
458	860
458	878
458	925
458	936
458	962
458	963
458	458
458	460
458	974
458	985
458	991
458	993
458	485
458	999
458	488
458	489
458	496
458	500
459	494
459	622
460	640
460	680
460	713
460	683
460	695
460	878
460	496
460	567
460	729
461	680
461	993
462	768
462	530
462	563
462	887
464	729
466	682
467	537
467	860
467	765
468	548
468	613
468	520
468	556
468	780
468	792
468	563
468	691
468	473
468	696
468	537
468	996
468	524
469	496
469	674
469	495
470	699
471	930
471	925
471	599
473	512
473	780
473	535
473	792
473	540
473	925
473	550
473	680
473	553
473	563
473	826
473	599
473	729
473	734
473	993
473	613
473	999
473	748
473	649
473	496
473	936
473	765
474	658
474	930
474	661
475	936
475	944
476	768
476	544
476	556
476	878
476	563
476	854
476	599
476	537
476	570
476	783
476	925
477	537
482	920
485	800
486	512
487	537
487	599
488	961
488	520
488	567
488	658
488	887
488	622
488	792
488	925
488	800
488	930
488	547
488	679
488	680
488	553
488	556
488	563
488	820
488	950
488	570
488	829
488	962
488	963
488	967
488	713
488	845
488	591
488	854
488	599
488	729
488	860
488	607
488	736
488	993
488	611
488	613
488	748
488	878
488	496
488	936
488	629
488	503
488	632
488	865
488	765
488	895
489	899
489	982
489	658
489	792
489	537
489	924
489	925
489	688
489	677
489	680
489	553
489	563
489	564
489	826
489	963
489	854
489	599
489	729
489	859
489	860
489	570
489	607
489	865
489	866
489	611
489	613
489	878
489	936
489	629
489	632
491	784
492	730
492	599
493	616
494	537
494	550
494	680
494	553
494	682
494	940
494	816
494	963
494	967
494	823
494	847
494	729
494	733
494	993
494	621
494	503
494	819
495	780
495	925
495	676
495	680
495	814
495	830
495	713
495	599
495	736
495	813
495	936
495	632
496	512
496	524
496	563
496	530
496	535
496	537
496	540
496	550
496	553
496	556
496	564
496	570
496	572
496	599
496	607
496	611
496	613
496	616
496	621
496	622
496	872
496	631
496	632
496	819
496	704
496	651
496	655
496	658
496	670
496	676
496	679
496	680
496	681
496	682
496	690
496	696
496	713
496	715
496	729
496	736
496	756
496	757
496	765
496	766
496	768
496	780
496	796
496	800
496	826
496	829
496	830
496	854
496	860
496	866
496	873
496	878
496	908
496	925
496	930
496	936
496	940
496	942
496	962
496	963
496	993
496	995
496	496
496	503
496	835
496	510
498	530
498	925
499	905
499	908
499	563
499	819
499	667
499	925
499	944
499	561
499	963
499	713
499	729
499	860
499	993
499	866
499	878
500	680
500	829
500	537
501	873
501	925
502	691
503	512
503	524
503	653
503	658
503	540
503	925
503	679
503	680
503	556
503	688
503	563
503	825
503	826
503	572
503	839
503	713
503	599
503	611
503	748
503	530
503	936
503	632
504	936
505	963
507	550
507	713
507	729
507	570
507	860
507	607
508	847
510	512
510	925
510	553
510	564
510	825
510	829
510	854
510	729
510	607
510	736
510	635
511	867
511	567
511	651
511	942
511	847
512	777
512	658
512	691
512	925
512	679
512	680
512	553
512	682
512	563
512	564
512	713
512	963
512	581
512	696
512	599
512	729
512	607
512	523
512	993
512	613
512	878
513	599
514	563
517	613
517	679
518	963
520	682
520	985
520	599
520	632
520	729
521	925
521	599
522	736
522	993
522	676
522	607
523	611
523	920
523	554
524	530
524	819
524	925
524	679
524	680
524	563
524	826
524	699
524	963
524	967
524	713
524	847
524	599
524	729
524	860
524	733
524	736
524	993
524	866
524	611
524	613
524	621
524	878
524	936
524	632
524	895
525	768
525	860
526	911
526	831
528	854
530	530
530	535
530	819
530	547
530	553
530	556
530	563
530	564
530	777
530	572
530	580
530	599
530	607
530	611
530	613
530	873
530	632
530	638
530	648
530	658
530	679
530	680
530	681
530	683
530	691
530	696
530	713
530	729
530	736
530	765
530	780
530	792
530	796
530	828
530	839
530	845
530	847
530	854
530	860
530	865
530	866
530	878
530	892
530	895
530	896
530	906
530	908
530	924
530	925
530	942
530	963
530	969
530	989
530	993
530	999
530	936
532	792
532	878
533	985
535	925
535	930
535	680
535	553
535	563
535	570
535	713
535	845
535	847
535	599
535	860
535	736
535	955
535	613
535	621
535	936
535	632
536	563
537	768
537	567
537	651
537	780
537	658
537	920
537	819
537	925
537	670
537	645
537	544
537	930
537	806
537	679
537	680
537	553
537	563
537	564
537	696
537	829
537	963
537	713
537	582
537	866
537	854
537	599
537	729
537	932
537	860
537	607
537	736
537	993
537	613
537	715
537	999
537	748
537	621
537	878
537	936
537	626
537	758
537	632
537	682
538	572
540	920
540	887
540	691
540	792
540	819
540	925
540	670
540	794
540	930
540	667
540	679
540	680
540	553
540	942
540	563
540	570
540	572
540	592
540	963
540	713
540	845
540	599
540	729
540	860
540	861
540	607
540	736
540	993
540	613
540	878
540	936
540	622
540	632
540	813
540	892
542	811
542	860
545	561
547	936
547	592
547	563
547	665
547	729
547	826
547	603
547	765
548	930
548	775
548	777
548	866
548	783
548	854
548	599
548	925
550	908
550	658
550	925
550	679
550	680
550	683
550	556
550	944
550	563
550	564
550	826
550	963
550	599
550	729
550	985
550	607
550	736
550	613
550	999
550	621
550	936
550	741
550	886
550	631
551	819
553	553
553	557
553	563
553	567
553	569
553	570
553	572
553	593
553	599
553	607
553	611
553	613
553	621
553	632
553	658
553	670
553	673
553	679
553	680
553	681
553	683
553	691
553	699
553	703
553	709
553	713
553	715
553	726
553	729
553	736
553	765
553	768
553	780
553	806
553	819
553	821
553	826
553	829
553	830
553	847
553	854
553	860
553	865
553	871
553	873
553	878
553	895
553	908
553	909
553	924
553	925
553	930
553	936
553	963
553	969
553	971
553	975
553	989
553	991
553	993
554	627
554	805
554	792
554	658
554	563
554	925
556	768
556	916
556	819
556	925
556	670
556	930
556	680
556	942
556	563
556	564
556	567
556	826
556	713
556	823
556	825
556	854
556	599
556	729
556	859
556	860
556	607
556	736
556	993
556	611
556	911
556	613
556	999
556	765
556	936
556	632
556	892
556	682
557	691
557	729
557	826
558	892
560	691
561	674
561	866
561	845
561	854
561	599
561	607
562	679
562	680
562	563
562	826
562	963
562	715
562	847
562	592
562	599
562	729
562	990
562	736
562	993
562	996
562	613
562	878
562	756
563	699
563	563
563	887
563	564
563	570
563	572
563	580
563	782
563	599
563	607
563	611
563	613
563	621
563	632
563	819
563	648
563	658
563	667
563	670
563	795
563	679
563	680
563	682
563	683
563	688
563	691
563	696
563	701
563	629
563	713
563	715
563	729
563	736
563	756
563	765
563	768
563	775
563	777
563	780
563	792
563	803
563	814
563	820
563	826
563	829
563	823
563	845
563	847
563	854
563	592
563	860
563	881
563	865
563	866
563	867
563	873
563	878
563	883
563	890
563	892
563	904
563	908
563	920
563	924
563	925
563	930
563	936
563	940
563	942
563	962
563	963
563	967
563	969
563	759
563	974
563	983
563	989
563	993
563	999
564	883
564	777
564	695
564	691
564	580
564	819
564	925
564	930
564	795
564	679
564	680
564	681
564	567
564	564
564	821
564	825
564	826
564	991
564	572
564	963
564	713
564	847
564	696
564	855
564	995
564	599
564	729
564	860
564	607
564	736
564	993
564	613
564	715
564	999
564	878
564	936
564	627
564	873
564	632
564	997
564	685
565	730
566	993
566	935
566	936
566	713
566	942
566	819
566	925
567	777
567	908
567	792
567	930
567	679
567	680
567	682
567	821
567	567
567	696
567	570
567	715
567	599
567	860
567	607
567	736
567	993
567	866
567	627
567	681
567	890
569	613
569	999
569	599
569	829
570	768
570	780
570	781
570	658
570	819
570	922
570	925
570	930
570	675
570	676
570	680
570	825
570	826
570	572
570	829
570	575
570	963
570	713
570	845
570	653
570	599
570	729
570	859
570	860
570	607
570	736
570	993
570	866
570	613
570	715
570	621
570	878
570	936
570	883
570	892
572	572
572	599
572	607
572	611
572	613
572	621
572	632
572	643
572	658
572	670
572	679
572	680
572	681
572	682
572	695
572	696
572	713
572	715
572	729
572	736
572	747
572	768
572	774
572	792
572	645
572	806
572	819
572	823
572	826
572	829
572	841
572	845
572	854
572	860
572	865
572	873
572	878
572	892
572	895
572	904
572	908
572	912
572	836
572	925
572	930
572	936
572	950
572	962
572	963
572	973
572	985
572	993
572	999
573	736
573	679
573	680
574	729
574	878
575	715
577	993
577	873
577	845
577	696
577	607
580	936
581	900
581	999
584	607
586	613
586	679
590	924
590	599
592	780
592	658
592	925
592	679
592	936
592	713
592	847
592	854
592	599
592	607
592	993
593	925
594	792
596	936
596	599
599	614
599	887
599	599
599	607
599	611
599	613
599	621
599	787
599	632
599	819
599	651
599	658
599	667
599	670
599	674
599	795
599	676
599	679
599	680
599	682
599	683
599	688
599	689
599	691
599	696
599	629
599	713
599	715
599	973
599	726
599	729
599	730
599	736
599	738
599	741
599	747
599	638
599	765
599	767
599	768
599	777
599	780
599	820
599	792
599	799
599	806
599	811
599	817
599	825
599	826
599	829
599	831
599	823
599	845
599	847
599	850
599	854
599	860
599	865
599	866
599	913
599	873
599	878
599	890
599	892
599	895
599	898
599	904
599	908
599	920
599	918
599	924
599	925
599	815
599	930
599	936
599	942
599	944
599	962
599	963
599	967
599	974
599	984
599	991
599	993
599	995
599	999
600	715
602	962
603	854
607	607
607	611
607	613
607	621
607	787
607	629
607	632
607	819
607	640
607	651
607	658
607	670
607	679
607	680
607	682
607	696
607	701
607	712
607	713
607	715
607	729
607	736
607	748
607	768
607	777
607	780
607	826
607	829
607	831
607	839
607	845
607	854
607	860
607	865
607	866
607	878
607	904
607	905
607	908
607	920
607	924
607	925
607	926
607	930
607	936
607	942
607	963
607	993
607	999
610	655
611	658
611	887
611	691
611	792
611	819
611	925
611	930
611	678
611	679
611	680
611	826
611	829
611	963
611	865
611	713
611	729
611	860
611	777
611	736
611	993
611	611
611	613
611	715
611	878
611	936
611	632
611	682
611	810
613	613
613	621
613	622
613	632
613	651
613	658
613	670
613	679
613	680
613	681
613	682
613	691
613	696
613	970
613	709
613	713
613	715
613	729
613	736
613	748
613	759
613	765
613	780
613	781
613	985
613	805
613	811
613	819
613	821
613	822
613	826
613	829
613	847
613	854
613	860
613	866
613	878
613	891
613	908
613	925
613	930
613	936
613	946
613	963
613	973
613	983
613	988
613	993
613	999
614	680
614	873
614	878
618	676
619	768
621	768
621	780
621	653
621	819
621	925
621	800
621	930
621	680
621	683
621	826
621	829
621	713
621	674
621	847
621	696
621	854
621	729
621	985
621	860
621	736
621	993
621	878
621	936
621	756
621	632
621	892
621	682
621	895
622	680
622	690
622	695
622	696
622	829
622	714
622	955
622	622
626	777
626	792
626	628
626	826
626	831
627	993
627	963
627	679
627	914
627	819
627	632
627	860
627	765
629	679
629	983
629	837
629	729
629	667
630	729
631	640
631	684
631	854
631	713
632	699
632	632
632	819
632	653
632	658
632	679
632	680
632	682
632	683
632	696
632	713
632	729
632	730
632	736
632	744
632	765
632	780
632	781
632	795
632	820
632	826
632	829
632	837
632	845
632	847
632	854
632	860
632	865
632	866
632	873
632	878
632	883
632	887
632	892
632	895
632	898
632	904
632	908
632	925
632	930
632	936
632	942
632	957
632	958
632	961
632	962
632	963
632	985
632	993
632	999
637	936
638	713
638	780
638	653
638	729
639	925
639	829
640	871
642	826
642	691
643	676
643	680
643	847
643	757
643	925
645	651
645	908
645	658
645	800
645	936
645	942
645	713
645	974
645	999
645	878
646	729
646	999
647	887
648	826
649	930
649	983
650	936
650	930
651	659
651	691
651	792
651	819
651	925
651	679
651	680
651	683
651	940
651	942
651	693
653	814
653	845
653	696
653	819
653	729
653	925
655	993
655	689
655	845
655	873
655	792
655	729
655	925
655	673
656	821
657	713
658	658
658	670
658	676
658	680
658	691
658	696
658	713
658	715
658	729
658	736
658	750
658	777
658	780
658	796
658	809
658	819
658	826
658	854
658	860
658	878
658	885
658	890
658	920
658	925
658	930
658	936
658	942
658	963
658	991
658	993
658	999
660	963
660	860
661	930
662	737
664	865
666	847
667	963
667	839
667	729
667	860
667	819
668	854
670	903
670	904
670	780
670	819
670	925
670	680
670	821
670	829
670	693
670	974
670	860
670	736
670	873
670	748
670	936
670	765
672	847
673	810
676	780
676	792
676	819
676	925
676	680
676	713
676	974
676	736
676	993
676	936
676	887
678	729
678	682
678	780
679	873
679	680
679	682
679	695
679	696
679	713
679	715
679	729
679	736
679	768
679	777
679	780
679	781
679	819
679	826
679	829
679	993
679	847
679	854
679	860
679	878
679	883
679	908
679	925
679	936
679	942
679	962
679	963
679	989
679	999
680	699
680	819
680	795
680	680
680	681
680	682
680	683
680	688
680	689
680	691
680	696
680	700
680	713
680	715
680	729
680	733
680	736
680	742
680	747
680	756
680	765
680	768
680	777
680	780
680	813
680	792
680	796
680	804
680	805
680	806
680	812
680	826
680	829
680	830
680	837
680	823
680	845
680	847
680	854
680	860
680	865
680	866
680	873
680	878
680	883
680	892
680	895
680	898
680	908
680	920
680	914
680	918
680	924
680	925
680	930
680	936
680	942
680	944
680	954
680	955
680	962
680	963
680	967
680	974
680	982
680	983
680	991
680	993
680	997
680	999
681	908
681	925
681	826
681	854
681	729
681	736
682	898
682	780
682	691
682	925
682	696
682	821
682	829
682	963
682	967
682	713
682	845
682	848
682	728
682	729
682	860
682	736
682	993
682	715
682	999
682	969
682	988
682	878
682	765
682	936
682	892
682	783
683	925
683	696
683	854
683	860
683	878
683	895
685	715
685	826
685	925
686	736
688	780
688	925
688	942
688	963
688	887
688	847
688	730
688	736
688	878
688	895
689	962
689	713
689	906
689	873
689	829
690	738
690	873
690	829
691	781
691	792
691	809
691	695
691	826
691	963
691	729
691	738
691	883
696	768
696	908
696	920
696	925
696	800
696	930
696	969
696	826
696	963
696	713
696	759
696	975
696	729
696	860
696	736
696	993
696	995
696	999
696	873
696	936
696	895
698	859
699	923
699	925
699	955
699	963
699	839
699	730
699	878
699	883
700	860
701	847
701	925
703	878
707	729
707	924
709	736
709	768
709	729
710	826
713	887
713	819
713	713
713	715
713	729
713	736
713	768
713	775
713	780
713	781
713	796
713	826
713	829
713	845
713	847
713	854
713	860
713	866
713	878
713	898
713	908
713	924
713	925
713	936
713	952
713	962
713	963
713	759
713	981
713	993
713	999
715	908
715	780
715	781
715	920
715	792
715	925
715	798
715	930
715	826
715	829
715	963
715	932
715	759
715	866
715	854
715	729
715	860
715	736
715	993
715	715
715	999
715	873
715	878
715	936
716	829
717	821
720	925
721	768
722	987
723	736
728	936
729	887
729	819
729	795
729	729
729	730
729	736
729	741
729	747
729	765
729	768
729	780
729	783
729	985
729	792
729	797
729	798
729	806
729	825
729	826
729	829
729	845
729	847
729	854
729	860
729	866
729	873
729	876
729	878
729	883
729	895
729	904
729	908
729	920
729	925
729	930
729	936
729	942
729	944
729	962
729	963
729	967
729	975
729	991
729	993
729	995
729	996
729	999
730	936
730	826
730	829
730	993
730	878
733	936
733	892
736	787
736	736
736	759
736	765
736	768
736	777
736	778
736	780
736	820
736	790
736	792
736	806
736	819
736	825
736	826
736	829
736	837
736	847
736	854
736	860
736	866
736	878
736	892
736	908
736	920
736	922
736	925
736	930
736	932
736	936
736	942
736	963
736	988
736	993
736	999
745	878
747	999
747	936
747	819
748	768
748	908
748	878
748	845
748	946
748	819
748	795
756	792
759	974
760	895
762	829
763	924
765	780
765	819
765	925
765	942
765	829
765	823
765	847
765	860
765	993
765	878
766	902
768	768
768	961
768	780
768	781
768	985
768	792
768	819
768	925
768	930
768	804
768	829
768	963
768	854
768	860
768	996
768	993
768	878
768	936
769	829
775	866
776	983
777	819
777	925
777	944
777	826
777	978
777	854
777	993
777	999
777	936
778	780
778	792
780	780
780	787
780	985
780	811
780	819
780	826
780	829
780	854
780	860
780	873
780	878
780	887
780	895
780	898
780	925
780	936
780	962
780	963
780	993
780	999
781	925
781	847
781	859
781	826
781	993
781	878
782	892
783	942
783	854
786	866
787	871
787	809
788	895
792	925
792	826
792	967
792	847
792	860
792	993
792	878
792	936
795	873
795	878
796	925
798	930
798	829
804	826
804	924
805	845
806	993
806	936
808	908
809	993
809	967
810	985
812	930
813	908
813	819
814	821
814	860
819	819
819	823
819	826
819	829
819	854
819	860
819	913
819	873
819	878
819	899
819	908
819	920
819	925
819	930
819	936
819	942
819	962
819	963
819	967
819	993
819	999
820	993
820	963
820	908
820	860
821	826
821	860
821	925
823	873
825	878
825	925
826	887
826	826
826	829
826	845
826	854
826	860
826	866
826	873
826	878
826	895
826	904
826	925
826	936
826	942
826	962
826	963
826	969
826	974
826	993
828	925
828	854
829	837
829	854
829	860
829	865
829	873
829	878
829	908
829	909
829	925
829	930
829	936
829	960
829	962
829	963
829	964
829	989
829	991
829	993
829	999
833	936
837	925
840	925
845	925
845	873
845	878
845	936
845	887
847	900
847	902
847	925
847	930
847	864
847	942
847	955
847	854
847	860
847	878
847	936
850	908
854	887
854	993
854	860
854	863
854	873
854	878
854	903
854	925
854	930
854	936
854	947
854	962
854	963
854	985
854	999
856	925
859	963
859	908
859	925
860	860
860	866
860	873
860	876
860	878
860	892
860	908
860	925
860	930
860	936
860	940
860	942
860	944
860	962
860	963
860	975
860	991
860	993
860	999
861	993
865	942
865	963
865	999
865	878
866	908
866	925
866	930
866	988
866	942
866	963
866	911
866	993
866	936
868	878
873	925
873	963
873	908
873	890
873	993
873	936
874	900
877	991
877	925
878	878
878	887
878	920
878	925
878	936
878	962
878	963
878	990
878	993
878	999
879	963
886	993
886	936
887	925
887	936
887	993
890	895
892	983
892	908
892	925
892	974
892	993
895	898
895	930
895	993
895	936
898	993
898	936
904	944
908	925
908	991
908	963
908	993
908	936
919	925
920	925
920	963
920	993
920	936
924	999
924	925
925	985
925	925
925	930
925	936
925	942
925	962
925	963
925	974
925	977
925	991
925	993
925	999
926	974
930	930
930	936
930	962
930	963
930	979
930	991
930	993
936	936
936	942
936	962
936	963
936	974
936	983
936	993
936	999
939	989
940	991
942	962
942	963
942	977
942	996
942	993
942	975
942	982
944	993
962	963
962	974
962	993
962	999
963	963
963	967
963	971
963	983
963	993
963	999
993	993
993	999
