230	1	4.092671171879093E-9
110	0	2.0463355859395463E-9	1	1.4324349101576827E-7
111	0	5.115838964848866E-9	1	2.0463355859395463E-9
112	0	4.092671171879093E-9	1	2.0463355859395463E-7
113	0	3.0695033789093193E-9	1	2.5579194824244332E-8
114	0	2.0463355859395463E-9	1	2.0463355859395463E-9
115	0	5.115838964848866E-9	1	5.115838964848866E-9
116	0	4.092671171879093E-9	1	2.66023626172141E-8
117	0	1.1254845722667504E-8	1	8.185342343758185E-9
118	0	4.092671171879093E-9	1	4.092671171879093E-9
119	0	2.6602362617214104E-8	1	2.7625530410183875E-8
10	0	3.376453716800252E-8	1	2.4351393472680606E-7
11	0	3.069503378909319E-8	1	8.185342343758185E-8
12	1	2.66023626172141E-8
13	0	1.944018806642569E-8	1	1.9030920949237785E-7
14	0	2.0463355859395463E-9	1	6.85522421289748E-8
15	0	2.0463355859395463E-9	1	1.2278013515637279E-8
16	1	1.2278013515637277E-8
17	0	3.069503378909319E-8	1	1.9133237728534764E-7
18	0	1.4324349101576825E-8	1	3.376453716800251E-8
19	0	2.0463355859395463E-9	1	6.036689978521662E-8
120	0	4.092671171879093E-9	1	5.115838964848866E-9
121	0	3.0695033789093193E-9	1	4.092671171879093E-9
1	0	1.0231677929697734E-7	1	5.392094268950706E-7
122	0	2.0463355859395463E-9	1	2.0463355859395463E-9
2	0	1.9440188066425688E-8	1	1.6268367908219394E-7
123	0	5.115838964848866E-9	1	2.0463355859395463E-9
3	0	1.1254845722667504E-8	1	7.059857771491435E-8
124	0	3.376453716800252E-8	1	1.0231677929697731E-8
4	0	1.8417020273455917E-8	1	1.53475168945466E-8
125	0	1.5347516894546596E-8	1	4.399621509770025E-8
5	0	1.2278013515637279E-8	1	2.0872622976583374E-7
126	0	1.2278013515637277E-8	1	6.1390067578186394E-9
6	0	1.0231677929697733E-8	1	2.8546381423856676E-7
127	0	8.185342343758185E-9
7	0	4.092671171879093E-9	1	4.3996215097700266E-8
128	0	2.7625530410183878E-8
8	0	2.353285923830478E-8	1	2.4556027031274554E-8
129	0	1.0231677929697731E-8	1	1.1254845722667504E-8
9	1	2.1486523652365237E-8
20	1	1.0231677929697731E-8
21	0	2.0463355859395463E-9	1	3.785720833988162E-8
22	0	2.0463355859395463E-9	1	4.297304730473048E-8
23	1	2.2509691445335012E-8
24	0	3.0695033789093193E-9	1	8.185342343758185E-9
25	0	4.399621509770025E-8	1	2.5579194824244326E-8
26	1	3.9903543925821154E-8
27	1	8.185342343758185E-9
28	1	8.185342343758185E-9
29	0	2.5579194824244332E-8	1	1.105021216407355E-7
130	1	4.092671171879093E-9
131	0	4.2973047304730474E-8	1	8.185342343758185E-9
132	0	1.5347516894546596E-8	1	8.492292681649117E-8
133	1	1.2278013515637277E-8
134	0	2.0463355859395463E-9	1	3.376453716800251E-8
135	0	8.185342343758185E-9	1	1.4324349101576823E-8
136	0	9.208510136727958E-9	1	1.2278013515637277E-8
137	0	3.069503378909319E-8	1	1.9440188066425688E-8
138	0	6.1390067578186394E-9	1	9.208510136727958E-9
139	0	7.162174550788412E-9	1	2.0463355859395463E-9
30	0	2.6602362617214104E-8	1	2.0463355859395463E-9
31	0	1.8826287390643827E-7	1	1.5347516894546596E-8
32	0	4.8088886269579344E-8	1	2.1486523652365234E-8
33	0	1.2278013515637279E-8	1	6.139006757818641E-8
34	1	2.7625530410183872E-8
35	1	7.980708785164231E-8
36	1	6.1390067578186394E-9
37	0	8.185342343758185E-9	1	2.823943108596574E-7
38	0	1.944018806642569E-7	1	8.185342343758185E-9
39	0	1.2278013515637279E-8	1	2.6602362617214104E-8
140	1	1.637068468751637E-8
141	0	3.0695033789093193E-9	1	2.0463355859395463E-9
142	0	8.185342343758185E-9	1	1.4324349101576825E-8
143	1	1.944018806642569E-8
144	0	1.2278013515637279E-8	1	7.162174550788412E-9
145	0	2.0463355859395463E-9	1	2.0463355859395463E-9
146	0	1.1254845722667504E-8	1	1.330118130860705E-7
147	1	3.785720833988161E-8
148	0	4.092671171879093E-9	1	4.1949879511760697E-8
149	1	3.0695033789093193E-9
40	1	2.0463355859395463E-9
41	1	2.0463355859395463E-9
42	0	1.2278013515637277E-8	1	5.6274228613337535E-8
43	1	4.399621509770026E-8
44	0	1.8417020273455917E-8	1	5.9343731992246855E-8
45	0	2.0463355859395463E-9	1	1.565446723243753E-7
46	0	4.092671171879093E-9	1	6.03668997852166E-8
47	0	3.0695033789093193E-9	1	5.013522185551889E-8
48	1	3.376453716800252E-8
49	0	1.2278013515637277E-8	1	1.330118130860705E-8
150	1	1.1254845722667504E-8
151	0	1.0231677929697731E-8
152	0	4.092671171879093E-9
153	0	1.0538628267588664E-7	1	1.0845578605479596E-7
154	1	7.162174550788412E-9
155	1	1.7393852480486142E-8
156	1	1.7393852480486142E-8
157	0	4.092671171879093E-9	1	3.376453716800252E-8
158	1	1.0231677929697731E-8
159	1	8.185342343758185E-9
50	1	4.0926711718790925E-8
51	0	2.0463355859395463E-9	1	4.2973047304730474E-8
52	1	1.2994230970716117E-7
53	0	5.115838964848866E-9	1	9.208510136727959E-8
54	0	2.0463355859395463E-9	1	8.492292681649116E-8
55	1	1.637068468751637E-8
56	1	1.7393852480486142E-8
57	0	2.0463355859395463E-9	1	9.208510136727958E-9
58	0	1.7393852480486142E-8	1	6.036689978521662E-8
59	0	1.4324349101576825E-8	1	3.581087275394206E-8
160	0	5.115838964848866E-9	1	2.0463355859395463E-9
161	0	1.330118130860705E-8	1	9.208510136727958E-9
162	0	1.9337871287128712E-7
163	1	9.208510136727958E-9
164	1	4.092671171879093E-8
165	0	4.092671171879093E-9	1	3.0695033789093193E-9
166	0	2.4556027031274554E-8
167	1	2.0463355859395463E-9
168	0	8.185342343758185E-9	1	2.0463355859395463E-9
169	1	4.092671171879093E-9
60	0	1.4324349101576825E-8	1	2.6193095500026193E-7
61	0	4.092671171879093E-9	1	1.5347516894546596E-8
62	1	1.1868746398449368E-7
63	0	2.1895790769553147E-7	1	2.250969144533501E-7
64	0	4.092671171879093E-9	1	1.2380330294934256E-7
65	0	3.274136937503274E-8	1	1.4631299439467757E-7
66	1	4.2973047304730474E-8
67	0	1.330118130860705E-8	1	1.9440188066425688E-8
68	1	1.330118130860705E-8
69	0	2.6602362617214104E-8	1	1.330118130860705E-8
170	1	4.092671171879093E-9
171	1	2.0463355859395463E-9
172	1	2.025872230080151E-7
173	0	8.185342343758185E-9	1	1.5449833673843574E-7
174	0	1.7393852480486145E-8	1	3.7857208339881605E-8
175	0	2.0463355859395463E-9	1	8.185342343758185E-9
176	1	4.092671171879093E-9
177	0	3.0695033789093193E-9	1	4.092671171879093E-9
178	0	2.4556027031274554E-8	1	4.092671171879093E-9
179	0	8.185342343758185E-9	1	5.115838964848866E-9
70	0	1.637068468751637E-8	1	6.445957095709572E-8
71	1	1.9440188066425688E-8
72	0	6.139006757818639E-9	1	8.185342343758185E-9
73	1	1.7393852480486142E-8
74	1	6.139006757818639E-9
75	0	1.944018806642569E-8	1	2.261200822463199E-7
76	0	1.8417020273455917E-8	1	4.092671171879093E-9
77	0	9.208510136727958E-9	1	6.54827387500655E-8
78	1	1.2278013515637279E-8
79	0	3.171820158206297E-8	1	2.3532859238304783E-8
180	1	2.0463355859395463E-9
181	0	2.0463355859395463E-9
182	0	6.139006757818639E-9
183	1	8.185342343758185E-9
184	1	2.1486523652365237E-8
185	0	2.0463355859395463E-9	1	1.5347516894546596E-8
186	0	4.092671171879093E-9
187	0	8.185342343758185E-9
188	0	2.0463355859395463E-9	1	7.162174550788412E-9
189	1	1.9644821625019646E-7
80	1	3.069503378909319E-8
81	0	2.1588840431662218E-7	1	2.066798941798942E-7
82	0	2.0463355859395463E-9	1	6.752907433600503E-8
83	0	1.9337871287128714E-7	1	2.0463355859395463E-9
84	1	1.4017398763685895E-7
85	0	4.092671171879093E-9	1	7.571441667976322E-8
86	0	5.115838964848866E-9	1	9.003876578134003E-8
87	1	9.208510136727958E-9
88	1	2.3532859238304783E-8
89	0	2.4556027031274554E-8	1	1.637068468751637E-8
190	0	2.0463355859395463E-9	1	5.1158389648488665E-8
191	0	1.1254845722667504E-8
192	1	3.0695033789093193E-9
193	1	2.0463355859395463E-9
194	1	1.1254845722667504E-8
195	1	7.162174550788412E-9
196	1	3.171820158206297E-8
197	1	2.0463355859395463E-9
198	1	4.092671171879093E-9
199	0	5.115838964848866E-9
90	0	5.115838964848866E-9
91	0	1.4324349101576825E-8	1	1.0231677929697731E-8
92	0	6.1390067578186394E-9	1	6.13900675781864E-8
93	0	2.0463355859395463E-9	1	2.0463355859395463E-9
94	0	2.0463355859395463E-9	1	1.8417020273455917E-8
95	0	2.1486523652365234E-8	1	1.7393852480486145E-8
96	0	2.0463355859395463E-9	1	2.0463355859395463E-9
97	0	1.2278013515637277E-8
98	0	8.185342343758185E-9	1	7.059857771491435E-8
99	0	2.0463355859395463E-9	1	4.092671171879093E-9
200	0	2.0463355859395463E-9	1	1.0231677929697731E-8
201	1	3.171820158206297E-8
202	0	2.0463355859395463E-9	1	2.0463355859395463E-9
203	1	8.185342343758185E-9
204	0	2.1486523652365237E-8
205	0	5.115838964848866E-9
206	0	2.3532859238304783E-8	1	4.092671171879093E-9
207	0	1.7598486039080098E-7	1	2.0463355859395463E-9
208	0	2.6602362617214104E-8	1	7.162174550788412E-9
209	1	5.115838964848866E-9
210	0	2.0463355859395463E-9
211	0	2.0463355859395463E-9
212	1	1.3301181308607052E-8
213	0	5.115838964848866E-9	1	5.115838964848866E-9
214	1	2.7625530410183875E-8
215	0	5.115838964848866E-9
216	0	2.0463355859395463E-9	1	1.2278013515637277E-8
217	0	4.092671171879093E-9
218	0	1.1254845722667504E-8
219	1	1.2278013515637277E-8
220	1	5.115838964848866E-9
100	0	3.7857208339881605E-8	1	1.4426665880873804E-7
221	1	2.0463355859395463E-9
101	1	2.66023626172141E-8
222	0	2.7625530410183875E-8	1	9.208510136727958E-9
102	1	1.718921892189219E-7
223	0	3.0695033789093193E-9
103	1	2.0463355859395463E-9
224	1	2.0463355859395463E-9
104	1	6.343640316412594E-8
225	1	5.115838964848866E-9
105	0	1.1254845722667504E-8	1	2.0770306197286395E-7
226	1	4.092671171879093E-9
106	0	1.8417020273455917E-8	1	2.4556027031274554E-8
227	0	2.0463355859395463E-9
107	0	3.0695033789093193E-9	1	1.53475168945466E-8
228	0	3.0695033789093193E-9
108	0	1.9235554507831738E-7	1	1.5347516894546596E-8
229	1	4.092671171879093E-9
109	0	7.162174550788412E-9	1	2.578382838283828E-7
