# Directed graph: patent_2_8.txt 
# Kronecker Graph: seed matrix [0.9999, 0.539387; 0.515146, 0.212056]
# Nodes: 256 Edges: 696
# FromNodeId	ToNodeId
0	0
0	2
0	3
0	14
0	16
0	33
0	42
0	52
0	61
0	64
0	65
0	70
0	80
0	84
0	98
0	99
0	128
0	140
0	142
0	147
0	148
0	152
0	153
0	159
0	192
0	202
0	234
0	253
1	7
1	15
1	16
1	25
1	32
1	56
1	64
1	73
1	80
1	94
1	132
1	137
1	147
1	162
1	215
1	219
2	1
2	6
2	19
2	24
2	36
2	42
2	46
2	52
2	74
2	140
2	153
2	176
2	178
2	186
2	196
3	41
3	80
3	132
4	5
4	41
4	70
4	80
4	90
4	133
4	211
5	6
5	8
5	24
5	36
5	68
5	74
5	130
5	141
5	249
6	5
6	10
6	27
6	40
6	45
6	60
6	91
6	200
6	202
8	34
8	65
8	71
8	75
8	137
8	142
8	179
8	192
8	196
8	226
9	0
9	2
9	33
9	37
9	48
9	53
9	64
9	66
9	86
9	128
10	9
10	81
10	113
10	193
11	0
11	16
11	73
11	84
11	160
11	179
12	0
12	16
12	54
12	64
12	65
12	83
12	90
12	162
12	179
13	34
13	114
13	162
13	178
14	82
14	96
14	122
14	248
15	48
15	81
15	104
15	171
15	208
16	2
16	3
16	18
16	32
16	43
16	52
16	64
16	65
16	69
16	100
16	113
16	140
16	145
16	164
17	2
17	4
17	34
17	68
17	80
17	141
17	144
17	161
17	194
18	4
18	24
18	66
18	80
18	85
18	99
19	8
19	66
20	9
20	15
20	20
20	81
20	96
20	165
20	204
21	48
21	56
21	96
22	0
22	4
22	81
23	144
24	2
24	8
24	20
24	95
24	96
25	0
25	35
25	37
25	50
25	141
25	166
26	1
26	4
26	103
26	116
26	128
26	205
27	18
27	52
28	128
29	46
29	72
29	172
30	109
30	216
32	0
32	5
32	16
32	26
32	69
32	80
32	87
32	94
32	112
32	186
33	2
33	3
33	46
33	72
33	84
33	113
33	136
33	160
33	186
34	0
34	1
34	4
34	11
34	17
34	18
34	19
34	24
34	74
34	77
34	88
34	195
34	196
34	230
35	0
36	19
36	24
36	64
36	84
36	160
36	176
38	5
38	28
38	43
38	50
38	57
38	89
38	137
38	165
38	204
40	3
40	6
40	148
40	149
40	172
40	217
41	244
42	26
42	36
42	38
42	80
42	84
43	16
43	88
44	0
44	2
45	19
45	144
45	176
46	6
46	10
46	34
46	80
48	10
48	24
48	33
48	70
48	116
48	136
49	37
49	72
49	192
50	51
52	131
53	136
53	150
53	168
55	4
56	2
56	224
57	2
57	38
57	52
58	195
58	217
59	212
60	0
60	128
60	192
62	20
62	97
64	1
64	3
64	4
64	18
64	26
64	33
64	40
64	50
64	64
64	69
64	70
64	78
64	88
64	104
64	128
64	132
64	136
64	144
64	165
65	1
65	6
65	14
65	17
65	20
65	76
65	98
65	220
65	244
66	13
66	44
66	72
66	96
66	131
66	144
66	163
66	181
67	81
67	135
68	4
68	25
68	26
68	40
68	49
68	88
68	92
68	129
68	176
68	194
69	35
69	45
69	113
69	148
70	64
70	130
70	148
71	20
71	224
72	14
72	21
72	47
72	49
72	68
72	209
72	216
73	33
73	42
74	34
74	100
74	132
75	85
76	0
76	12
76	22
76	36
76	56
76	127
76	128
76	170
78	0
78	246
79	66
79	161
80	17
80	26
80	33
80	36
80	83
80	245
81	3
81	64
81	69
81	131
81	140
81	144
81	197
81	216
82	65
82	85
82	134
82	201
83	22
83	70
83	73
84	11
84	81
84	108
84	136
85	38
85	52
85	81
85	130
85	162
85	208
86	64
86	107
88	27
89	49
89	162
90	80
93	30
93	36
95	161
95	177
95	192
96	29
96	33
96	86
96	141
96	153
96	169
97	1
97	128
97	140
100	1
100	17
100	81
100	86
102	42
103	252
104	0
104	10
104	32
105	195
106	21
106	194
108	145
109	112
110	0
110	9
110	12
112	15
112	16
112	28
112	136
112	137
112	172
113	5
113	165
115	2
115	8
115	103
117	204
118	203
120	97
120	138
121	131
125	4
126	20
128	1
128	3
128	9
128	11
128	27
128	32
128	48
128	51
128	64
128	72
128	78
128	91
128	92
128	108
128	124
128	131
128	188
128	192
128	196
129	136
130	9
130	12
130	25
130	42
130	72
130	90
130	107
130	138
130	150
130	194
130	197
131	3
132	8
132	34
132	48
132	75
132	84
132	97
132	122
132	160
132	200
132	210
133	18
133	20
133	65
133	168
133	210
134	2
134	133
134	160
135	114
136	36
136	45
136	93
136	96
136	108
136	148
136	239
137	67
138	0
138	10
138	20
138	21
138	197
140	82
140	101
142	34
142	124
142	152
143	104
144	6
144	12
144	32
144	34
144	106
144	124
144	192
145	3
145	16
145	33
145	76
145	165
146	0
146	136
148	50
148	80
149	8
149	32
150	33
150	132
150	149
152	2
152	5
152	31
152	73
152	129
152	144
153	48
156	1
156	10
157	0
158	205
159	229
160	9
160	27
160	69
160	144
160	165
160	212
160	249
161	8
161	12
161	48
161	99
162	2
162	19
162	148
163	53
163	113
165	2
165	12
165	24
165	134
166	40
166	80
167	22
167	29
168	19
168	21
168	91
168	155
169	52
169	89
170	82
171	66
172	7
172	10
172	198
172	200
174	64
175	10
176	9
176	96
177	140
178	9
178	37
178	60
180	13
181	104
183	108
184	64
184	109
184	167
188	97
190	33
192	14
192	23
192	50
192	72
192	112
192	142
193	10
193	67
193	168
193	236
194	232
195	144
196	18
196	24
196	45
196	47
198	68
200	48
201	0
201	25
201	33
201	104
201	132
202	69
202	88
202	149
203	244
208	10
208	155
209	98
211	8
211	169
212	151
213	131
214	34
216	18
216	117
220	8
221	64
222	48
224	1
224	73
224	136
225	74
225	154
227	84
228	36
228	83
229	116
230	30
230	34
230	146
232	81
232	236
240	42
240	61
241	10
243	177
244	1
248	6
248	12
254	88
254	132
255	9
