1.0231677929697732E-9	0.5428881257906999
2.0463355859395463E-9	0.1557804687029309
3.0695033789093193E-9	0.07340803662871116
4.092671171879093E-9	0.044135188866798354
5.115838964848866E-9	0.02927887222121758
6.139006757818639E-9	0.021079583107415704
7.162174550788412E-9	0.015928670401831126
8.185342343758185E-9	0.012368214952707755
9.208510136727958E-9	0.009916260015663403
1.0231677929697731E-8	0.00808482438701111
1.1254845722667504E-8	0.006904030363274762
1.2278013515637277E-8	0.005976263630339061
1.3301181308607052E-8	0.004988252304355588
1.4324349101576825E-8	0.0042833905656966455
1.5347516894546596E-8	0.003915898548105232
1.637068468751637E-8	0.0034700885595517136
1.7393852480486145E-8	0.0029278872221217577
1.8417020273455917E-8	0.0027652268208927713
1.944018806642569E-8	0.002331465750948807
2.0463355859395463E-8	0.002132658593891157
2.1486523652365237E-8	0.0019940960298812796
2.250969144533501E-8	0.0018013133321284065
2.3532859238304783E-8	0.0016145550936803113
2.4556027031274554E-8	0.0015241882041086517
2.557919482424433E-8	0.0014699680703656563
2.6602362617214104E-8	0.0012229652388697878
2.7625530410183875E-8	0.001078378215555133
2.864869820315365E-8	0.0011627206458220151
2.967186599612342E-8	0.0011085005120790195
3.069503378909319E-8	9.578890294595876E-4
3.171820158206297E-8	9.88011325983474E-4
3.274136937503274E-8	7.5305741309716E-4
3.376453716800251E-8	9.217422736309238E-4
3.478770496097229E-8	7.892041689258237E-4
3.581087275394206E-8	8.494487619735965E-4
3.6834040546911833E-8	6.687149828302779E-4
3.7857208339881605E-8	7.771552503162691E-4
3.888037613285138E-8	6.385926863063916E-4
3.9903543925821154E-8	6.265437676968371E-4
4.0926711718790925E-8	6.566660642207236E-4
4.19498795117607E-8	5.783480932586188E-4
4.2973047304730474E-8	5.843725525633962E-4
4.3996215097700246E-8	4.458099885535187E-4
4.501938289067002E-8	4.94005662991737E-4
4.6042550683639795E-8	4.94005662991737E-4
4.7065718476609566E-8	4.036387734200778E-4
4.808888626957934E-8	4.337610699439642E-4
4.911205406254911E-8	3.9158985481052317E-4
5.013522185551889E-8	3.373697210675277E-4
5.115838964848866E-8	4.2773661063918685E-4
5.218155744145843E-8	3.7954093620096857E-4
5.320472523442821E-8	3.01222965238864E-4
5.422789302739798E-8	3.192963431531958E-4
5.525106082036775E-8	3.614675582866368E-4
5.627422861333752E-8	3.674920175914141E-4
5.72973964063073E-8	3.494186396770822E-4
5.832056419927707E-8	2.891740466293094E-4
5.934373199224684E-8	2.650762094102003E-4
6.036689978521662E-8	2.891740466293094E-4
6.139006757818638E-8	2.8314958732453217E-4
6.241323537115616E-8	2.0483161636242748E-4
6.343640316412594E-8	2.2290499427675935E-4
6.44595709570957E-8	2.168805349719821E-4
6.548273875006548E-8	2.409783721910912E-4
6.650590654303526E-8	1.8675823844809566E-4
6.752907433600503E-8	2.409783721910912E-4
6.85522421289748E-8	1.747093198385411E-4
6.957540992194458E-8	2.108560756672048E-4
7.059857771491435E-8	1.5663594192420928E-4
7.162174550788412E-8	1.8675823844809566E-4
7.264491330085389E-8	2.2892945358153662E-4
7.366808109382367E-8	1.8675823844809566E-4
7.469124888679344E-8	1.8675823844809566E-4
7.571441667976321E-8	1.3253810470510014E-4
7.673758447273299E-8	1.9278269775287296E-4
7.776075226570277E-8	1.265136454003229E-4
7.878392005867253E-8	1.747093198385411E-4
7.980708785164231E-8	1.1446472679076831E-4
8.083025564461209E-8	1.3856256400987744E-4
8.185342343758185E-8	1.6868486053376385E-4
8.287659123055163E-8	1.3253810470510014E-4
8.38997590235214E-8	1.204891860955456E-4
8.492292681649117E-8	1.50611482619432E-4
8.594609460946095E-8	1.6868486053376385E-4
8.696926240243071E-8	1.5663594192420928E-4
8.799243019540049E-8	1.445870233146547E-4
8.901559798837027E-8	1.1446472679076831E-4
9.003876578134003E-8	1.3253810470510014E-4
9.106193357430981E-8	1.445870233146547E-4
9.208510136727959E-8	1.0241580818121374E-4
9.310826916024935E-8	1.3253810470510014E-4
9.413143695321913E-8	1.0844026748599105E-4
9.515460474618891E-8	1.0844026748599105E-4
9.617777253915868E-8	8.434243026688192E-5
9.720094033212845E-8	1.1446472679076831E-4
9.822410812509822E-8	1.5663594192420928E-4
9.9247275918068E-8	7.831797096210464E-5
1.0027044371103777E-7	1.1446472679076831E-4
1.0129361150400754E-7	1.265136454003229E-4
1.0231677929697732E-7	1.0241580818121374E-4
1.033399470899471E-7	9.03668895716592E-5
1.0436311488291686E-7	9.639134887643648E-5
1.0538628267588664E-7	9.639134887643648E-5
1.0640945046885641E-7	1.0844026748599105E-4
1.0743261826182618E-7	9.03668895716592E-5
1.0845578605479596E-7	1.1446472679076831E-4
1.0947895384776574E-7	7.229351165732735E-5
1.105021216407355E-7	6.02445930477728E-5
1.1152528943370528E-7	7.831797096210464E-5
1.1254845722667504E-7	6.626905235255007E-5
1.1357162501964482E-7	5.4220133742995526E-5
1.145947928126146E-7	3.614675582866368E-5
1.1561796060558436E-7	1.0241580818121374E-4
1.1664112839855414E-7	1.747093198385411E-4
1.1766429619152392E-7	7.831797096210464E-5
1.1868746398449368E-7	1.0241580818121374E-4
1.1971063177746345E-7	1.0241580818121374E-4
1.2073379957043324E-7	9.03668895716592E-5
1.21756967363403E-7	7.229351165732735E-5
1.2278013515637277E-7	1.807337791433184E-5
1.2380330294934256E-7	9.639134887643648E-5
1.2482647074231232E-7	5.4220133742995526E-5
1.258496385352821E-7	8.434243026688192E-5
1.2687280632825188E-7	6.626905235255007E-5
1.2789597412122165E-7	5.4220133742995526E-5
1.289191419141914E-7	8.434243026688192E-5
1.299423097071612E-7	5.4220133742995526E-5
1.3096547750013097E-7	7.831797096210464E-5
1.3198864529310073E-7	6.02445930477728E-5
1.3301181308607052E-7	4.819567443821824E-5
1.3403498087904029E-7	6.626905235255007E-5
1.3505814867201005E-7	1.0241580818121374E-4
1.3608131646497984E-7	5.4220133742995526E-5
1.371044842579496E-7	6.02445930477728E-5
1.3812765205091937E-7	5.4220133742995526E-5
1.3915081984388916E-7	1.265136454003229E-4
1.4017398763685893E-7	9.639134887643648E-5
1.411971554298287E-7	4.819567443821824E-5
1.4222032322279848E-7	7.229351165732735E-5
1.4324349101576825E-7	6.02445930477728E-5
1.44266658808738E-7	1.204891860955456E-5
1.4528982660170778E-7	4.819567443821824E-5
1.4631299439467757E-7	6.626905235255007E-5
1.4733616218764733E-7	6.626905235255007E-5
1.483593299806171E-7	6.626905235255007E-5
1.493824977735869E-7	4.217121513344096E-5
1.5040566556655665E-7	6.626905235255007E-5
1.5142883335952642E-7	7.831797096210464E-5
1.524520011524962E-7	3.01222965238864E-5
1.5347516894546597E-7	5.4220133742995526E-5
1.5449833673843574E-7	9.03668895716592E-5
1.5552150453140553E-7	4.217121513344096E-5
1.565446723243753E-7	4.819567443821824E-5
1.5756784011734506E-7	7.831797096210464E-5
1.5859100791031485E-7	3.614675582866368E-5
1.5961417570328462E-7	4.819567443821824E-5
1.6063734349625438E-7	5.4220133742995526E-5
1.6166051128922417E-7	3.01222965238864E-5
1.6268367908219394E-7	3.01222965238864E-5
1.637068468751637E-7	7.831797096210464E-5
1.647300146681335E-7	4.217121513344096E-5
1.6575318246110326E-7	1.807337791433184E-5
1.6677635025407302E-7	1.204891860955456E-5
1.677995180470428E-7	3.614675582866368E-5
1.6882268584001258E-7	3.614675582866368E-5
1.6984585363298234E-7	5.4220133742995526E-5
1.708690214259521E-7	3.614675582866368E-5
1.718921892189219E-7	6.02445930477728E-6
1.7291535701189166E-7	2.409783721910912E-5
1.7393852480486143E-7	3.614675582866368E-5
1.7496169259783122E-7	4.819567443821824E-5
1.7598486039080098E-7	2.409783721910912E-5
1.7700802818377075E-7	2.409783721910912E-5
1.7803119597674054E-7	4.217121513344096E-5
1.790543637697103E-7	6.02445930477728E-6
1.8007753156268007E-7	4.217121513344096E-5
1.8110069935564986E-7	4.217121513344096E-5
1.8212386714861962E-7	4.819567443821824E-5
1.831470349415894E-7	4.819567443821824E-5
1.8417020273455918E-7	3.01222965238864E-5
1.8519337052752894E-7	5.4220133742995526E-5
1.862165383204987E-7	2.409783721910912E-5
1.872397061134685E-7	3.614675582866368E-5
1.8826287390643827E-7	1.204891860955456E-5
1.8928604169940803E-7	3.01222965238864E-5
1.9030920949237782E-7	4.819567443821824E-5
1.9133237728534759E-7	3.614675582866368E-5
1.9235554507831735E-7	3.01222965238864E-5
1.9337871287128714E-7	4.819567443821824E-5
1.944018806642569E-7	1.807337791433184E-5
1.9542504845722667E-7	2.409783721910912E-5
1.9644821625019644E-7	3.614675582866368E-5
1.9747138404316623E-7	3.01222965238864E-5
1.98494551836136E-7	3.01222965238864E-5
1.9951771962910576E-7	2.409783721910912E-5
2.0054088742207555E-7	3.01222965238864E-5
2.015640552150453E-7	1.807337791433184E-5
2.0258722300801508E-7	3.614675582866368E-5
2.0361039080098487E-7	2.409783721910912E-5
2.0463355859395463E-7	3.01222965238864E-5
2.056567263869244E-7	4.217121513344096E-5
2.066798941798942E-7	2.409783721910912E-5
2.0770306197286395E-7	4.217121513344096E-5
2.0872622976583372E-7	3.01222965238864E-5
2.097493975588035E-7	2.409783721910912E-5
2.1077256535177327E-7	3.614675582866368E-5
2.1179573314474304E-7	1.204891860955456E-5
2.1281890093771283E-7	3.01222965238864E-5
2.138420687306826E-7	4.217121513344096E-5
2.1486523652365236E-7	1.807337791433184E-5
2.1588840431662215E-7	1.807337791433184E-5
2.1691157210959191E-7	1.204891860955456E-5
2.1793473990256168E-7	2.409783721910912E-5
2.1895790769553147E-7	3.614675582866368E-5
2.1998107548850124E-7	2.409783721910912E-5
2.21004243281471E-7	2.409783721910912E-5
2.2202741107444076E-7	3.614675582866368E-5
2.2305057886741056E-7	2.409783721910912E-5
2.2407374666038032E-7	4.217121513344096E-5
2.2509691445335009E-7	6.02445930477728E-5
2.2612008224631988E-7	2.409783721910912E-5
2.2714325003928964E-7	2.409783721910912E-5
2.281664178322594E-7	2.409783721910912E-5
2.291895856252292E-7	2.409783721910912E-5
2.3021275341819896E-7	1.204891860955456E-5
2.3123592121116873E-7	1.807337791433184E-5
2.3225908900413852E-7	1.807337791433184E-5
2.3328225679710828E-7	1.204891860955456E-5
2.3430542459007805E-7	1.204891860955456E-5
2.3532859238304784E-7	1.204891860955456E-5
2.363517601760176E-7	3.01222965238864E-5
2.3737492796898737E-7	6.02445930477728E-6
2.3839809576195716E-7	1.807337791433184E-5
2.394212635549269E-7	4.217121513344096E-5
2.404444313478967E-7	4.217121513344096E-5
2.414675991408665E-7	3.01222965238864E-5
2.424907669338362E-7	1.807337791433184E-5
2.43513934726806E-7	1.204891860955456E-5
2.445371025197758E-7	6.02445930477728E-6
2.4556027031274554E-7	4.217121513344096E-5
2.4658343810571533E-7	2.409783721910912E-5
2.476066058986851E-7	1.204891860955456E-5
2.4862977369165486E-7	1.807337791433184E-5
2.4965294148462465E-7	1.204891860955456E-5
2.5067610927759444E-7	1.807337791433184E-5
2.516992770705642E-7	1.807337791433184E-5
2.5272244486353397E-7	1.807337791433184E-5
2.5374561265650376E-7	6.02445930477728E-6
2.547687804494735E-7	1.204891860955456E-5
2.557919482424433E-7	1.807337791433184E-5
2.568151160354131E-7	6.02445930477728E-6
2.578382838283828E-7	6.02445930477728E-6
2.588614516213526E-7	1.204891860955456E-5
2.598846194143224E-7	1.807337791433184E-5
2.6090778720729214E-7	3.614675582866368E-5
2.629541227932317E-7	2.409783721910912E-5
2.6397729058620146E-7	1.807337791433184E-5
2.6500045837917125E-7	1.807337791433184E-5
2.6602362617214104E-7	3.614675582866368E-5
2.670467939651108E-7	1.204891860955456E-5
2.6806996175808057E-7	1.807337791433184E-5
2.6909312955105036E-7	2.409783721910912E-5
2.701162973440201E-7	2.409783721910912E-5
2.711394651369899E-7	6.02445930477728E-6
2.721626329299597E-7	3.01222965238864E-5
2.731858007229294E-7	1.807337791433184E-5
2.742089685158992E-7	1.807337791433184E-5
2.75232136308869E-7	1.204891860955456E-5
2.7625530410183874E-7	1.807337791433184E-5
2.7727847189480853E-7	3.01222965238864E-5
2.783016396877783E-7	6.02445930477728E-6
2.7932480748074806E-7	1.204891860955456E-5
2.8034797527371786E-7	1.807337791433184E-5
2.823943108596574E-7	1.807337791433184E-5
2.834174786526272E-7	1.204891860955456E-5
2.8444064644559697E-7	1.204891860955456E-5
2.854638142385667E-7	6.02445930477728E-6
2.8751014982450623E-7	1.807337791433184E-5
2.895564854104458E-7	1.807337791433184E-5
2.9160282099638535E-7	6.02445930477728E-6
2.9262598878935514E-7	1.204891860955456E-5
2.936491565823249E-7	6.02445930477728E-6
2.9467232437529467E-7	6.02445930477728E-6
2.9569549216826446E-7	6.02445930477728E-6
2.967186599612342E-7	1.204891860955456E-5
2.97741827754204E-7	1.204891860955456E-5
2.987649955471738E-7	6.02445930477728E-6
2.997881633401435E-7	6.02445930477728E-6
3.008113311331133E-7	1.807337791433184E-5
3.018344989260831E-7	6.02445930477728E-6
3.0285766671905284E-7	1.204891860955456E-5
3.0388083451202263E-7	1.807337791433184E-5
3.049040023049924E-7	1.807337791433184E-5
3.0592717009796216E-7	1.204891860955456E-5
3.0695033789093195E-7	1.807337791433184E-5
3.0797350568390174E-7	6.02445930477728E-6
3.1001984126984127E-7	1.204891860955456E-5
3.1104300906281106E-7	2.409783721910912E-5
3.130893446487506E-7	2.409783721910912E-5
3.141125124417204E-7	1.204891860955456E-5
3.161588480276599E-7	1.807337791433184E-5
3.171820158206297E-7	1.204891860955456E-5
3.1922835140656923E-7	1.807337791433184E-5
3.20251519199539E-7	3.01222965238864E-5
3.2127468699250876E-7	6.02445930477728E-6
3.2229785478547855E-7	1.204891860955456E-5
3.2332102257844834E-7	6.02445930477728E-6
3.243441903714181E-7	1.807337791433184E-5
3.2536735816438787E-7	1.807337791433184E-5
3.2639052595735766E-7	2.409783721910912E-5
3.274136937503274E-7	6.02445930477728E-6
3.284368615432972E-7	1.204891860955456E-5
3.29460029336267E-7	1.807337791433184E-5
3.304831971292367E-7	1.807337791433184E-5
3.325295327151763E-7	6.02445930477728E-6
3.3355270050814604E-7	1.807337791433184E-5
3.355990360940856E-7	6.02445930477728E-6
3.3662220388705536E-7	1.204891860955456E-5
3.3764537168002515E-7	6.02445930477728E-6
3.386685394729949E-7	2.409783721910912E-5
3.396917072659647E-7	1.204891860955456E-5
3.407148750589345E-7	1.204891860955456E-5
3.417380428519042E-7	1.807337791433184E-5
3.42761210644874E-7	1.204891860955456E-5
3.437843784378438E-7	1.204891860955456E-5
3.4480754623081353E-7	3.614675582866368E-5
3.458307140237833E-7	1.807337791433184E-5
3.468538818167531E-7	1.807337791433184E-5
3.4787704960972285E-7	1.204891860955456E-5
3.4890021740269265E-7	6.02445930477728E-6
3.4992338519566244E-7	6.02445930477728E-6
3.509465529886322E-7	1.204891860955456E-5
3.5196972078160197E-7	6.02445930477728E-6
3.5299288857457176E-7	2.409783721910912E-5
3.540160563675415E-7	1.807337791433184E-5
3.550392241605113E-7	1.807337791433184E-5
3.560623919534811E-7	1.807337791433184E-5
3.570855597464508E-7	6.02445930477728E-6
3.581087275394206E-7	1.204891860955456E-5
3.591318953323904E-7	6.02445930477728E-6
3.6015506312536014E-7	1.807337791433184E-5
3.622013987112997E-7	3.01222965238864E-5
3.6322456650426946E-7	6.02445930477728E-6
3.6424773429723925E-7	6.02445930477728E-6
3.6527090209020904E-7	4.819567443821824E-5
3.662940698831788E-7	6.02445930477728E-6
3.6834040546911836E-7	6.02445930477728E-6
3.693635732620881E-7	1.204891860955456E-5
3.724330766409974E-7	6.02445930477728E-6
3.734562444339672E-7	1.807337791433184E-5
3.74479412226937E-7	1.204891860955456E-5
3.7652574781287653E-7	6.02445930477728E-6
3.775489156058463E-7	1.807337791433184E-5
3.7857208339881606E-7	6.02445930477728E-6
3.7959525119178585E-7	1.807337791433184E-5
3.8061841898475564E-7	1.204891860955456E-5
3.816415867777254E-7	6.02445930477728E-6
3.8266475457069517E-7	1.807337791433184E-5
3.8368792236366496E-7	2.409783721910912E-5
3.847110901566347E-7	1.204891860955456E-5
3.857342579496045E-7	1.807337791433184E-5
3.87780593535544E-7	6.02445930477728E-6
3.8982692912148355E-7	6.02445930477728E-6
3.9085009691445334E-7	6.02445930477728E-6
3.9187326470742313E-7	1.807337791433184E-5
3.9289643250039287E-7	6.02445930477728E-6
3.959659358793022E-7	1.204891860955456E-5
3.96989103672272E-7	1.204891860955456E-5
3.980122714652418E-7	3.01222965238864E-5
3.990354392582115E-7	1.204891860955456E-5
4.010817748441511E-7	1.204891860955456E-5
4.0210494263712083E-7	6.02445930477728E-6
4.041512782230604E-7	6.02445930477728E-6
4.0619761380899994E-7	1.807337791433184E-5
4.082439493949395E-7	1.204891860955456E-5
4.1029028498087906E-7	1.204891860955456E-5
4.113134527738488E-7	1.807337791433184E-5
4.133597883597884E-7	1.204891860955456E-5
4.154061239457279E-7	1.204891860955456E-5
4.1745245953166744E-7	6.02445930477728E-6
4.1847562732463723E-7	6.02445930477728E-6
4.2052196291057676E-7	1.204891860955456E-5
4.2154513070354655E-7	6.02445930477728E-6
4.2461463408245587E-7	1.204891860955456E-5
4.2563780187542566E-7	1.204891860955456E-5
4.276841374613652E-7	6.02445930477728E-6
4.28707305254335E-7	1.204891860955456E-5
4.297304730473047E-7	6.02445930477728E-6
4.307536408402745E-7	6.02445930477728E-6
4.3382314421918383E-7	6.02445930477728E-6
4.348463120121536E-7	6.02445930477728E-6
4.3586947980512336E-7	6.02445930477728E-6
4.3689264759809315E-7	6.02445930477728E-6
4.3791581539106294E-7	1.204891860955456E-5
4.389389831840327E-7	1.807337791433184E-5
4.3996215097700247E-7	6.02445930477728E-6
4.42008486562942E-7	1.204891860955456E-5
4.450779899418513E-7	1.204891860955456E-5
4.4814749332076064E-7	1.807337791433184E-5
4.5019382890670017E-7	6.02445930477728E-6
4.5224016449263975E-7	1.807337791433184E-5
4.532633322856095E-7	1.204891860955456E-5
4.563328356645188E-7	6.02445930477728E-6
4.573560034574886E-7	6.02445930477728E-6
4.583791712504584E-7	1.204891860955456E-5
4.6349501021530724E-7	6.02445930477728E-6
4.6554134580124677E-7	6.02445930477728E-6
4.6656451359421656E-7	6.02445930477728E-6
4.6758768138718636E-7	6.02445930477728E-6
4.686108491801561E-7	1.807337791433184E-5
4.706571847660957E-7	6.02445930477728E-6
4.716803525590654E-7	1.807337791433184E-5
4.727035203520352E-7	6.02445930477728E-6
4.73726688145005E-7	6.02445930477728E-6
4.767961915239143E-7	6.02445930477728E-6
4.788425271098538E-7	6.02445930477728E-6
4.798656949028236E-7	1.807337791433184E-5
4.819120304887631E-7	6.02445930477728E-6
4.82935198281733E-7	6.02445930477728E-6
4.839583660747027E-7	6.02445930477728E-6
4.849815338676724E-7	6.02445930477728E-6
4.87027869453612E-7	6.02445930477728E-6
4.911205406254911E-7	6.02445930477728E-6
4.931668762114307E-7	6.02445930477728E-6
4.941900440044004E-7	1.807337791433184E-5
4.9623637959034E-7	1.204891860955456E-5
4.972595473833097E-7	6.02445930477728E-6
4.993058829692493E-7	6.02445930477728E-6
5.00329050762219E-7	1.204891860955456E-5
5.013522185551889E-7	6.02445930477728E-6
5.023753863481586E-7	6.02445930477728E-6
5.033985541411284E-7	6.02445930477728E-6
5.074912253130075E-7	6.02445930477728E-6
5.085143931059773E-7	6.02445930477728E-6
5.115838964848866E-7	1.204891860955456E-5
5.136302320708262E-7	6.02445930477728E-6
5.146533998637959E-7	6.02445930477728E-6
5.156765676567656E-7	6.02445930477728E-6
5.166997354497355E-7	2.409783721910912E-5
5.177229032427052E-7	6.02445930477728E-6
5.218155744145843E-7	1.204891860955456E-5
5.228387422075541E-7	6.02445930477728E-6
5.248850777934936E-7	6.02445930477728E-6
5.269314133794332E-7	6.02445930477728E-6
5.289777489653728E-7	6.02445930477728E-6
5.300009167583425E-7	6.02445930477728E-6
5.330704201372518E-7	6.02445930477728E-6
5.340935879302216E-7	6.02445930477728E-6
5.361399235161611E-7	6.02445930477728E-6
5.371630913091309E-7	1.204891860955456E-5
5.381862591021007E-7	6.02445930477728E-6
5.392094268950705E-7	1.204891860955456E-5
5.402325946880402E-7	1.204891860955456E-5
5.433020980669495E-7	6.02445930477728E-6
5.463716014458588E-7	1.807337791433184E-5
5.484179370317984E-7	2.409783721910912E-5
5.50464272617738E-7	6.02445930477728E-6
5.514874404107077E-7	6.02445930477728E-6
5.525106082036775E-7	6.02445930477728E-6
5.545569437896171E-7	1.204891860955456E-5
5.555801115825868E-7	6.02445930477728E-6
5.576264471685264E-7	6.02445930477728E-6
5.606959505474357E-7	6.02445930477728E-6
5.617191183404054E-7	6.02445930477728E-6
5.647886217193148E-7	6.02445930477728E-6
5.678581250982241E-7	6.02445930477728E-6
5.699044606841637E-7	6.02445930477728E-6
5.72973964063073E-7	6.02445930477728E-6
5.750202996490125E-7	1.204891860955456E-5
5.791129708208916E-7	6.02445930477728E-6
5.801361386138614E-7	1.807337791433184E-5
5.811593064068311E-7	6.02445930477728E-6
5.832056419927707E-7	6.02445930477728E-6
5.842288097857404E-7	1.204891860955456E-5
5.8627514537168E-7	6.02445930477728E-6
5.872983131646498E-7	6.02445930477728E-6
5.883214809576196E-7	6.02445930477728E-6
5.893446487505893E-7	6.02445930477728E-6
5.965068233013777E-7	6.02445930477728E-6
5.985531588873173E-7	6.02445930477728E-6
5.99576326680287E-7	6.02445930477728E-6
6.036689978521662E-7	6.02445930477728E-6
6.046921656451359E-7	6.02445930477728E-6
6.057153334381057E-7	6.02445930477728E-6
6.067385012310755E-7	1.807337791433184E-5
6.077616690240453E-7	6.02445930477728E-6
6.08784836817015E-7	6.02445930477728E-6
6.098080046099848E-7	6.02445930477728E-6
6.108311724029546E-7	6.02445930477728E-6
6.128775079888942E-7	6.02445930477728E-6
6.139006757818639E-7	1.807337791433184E-5
6.149238435748336E-7	1.204891860955456E-5
6.169701791607732E-7	6.02445930477728E-6
6.17993346953743E-7	6.02445930477728E-6
6.200396825396825E-7	6.02445930477728E-6
6.231091859185919E-7	1.204891860955456E-5
6.251555215045314E-7	6.02445930477728E-6
6.261786892975012E-7	6.02445930477728E-6
6.272018570904709E-7	6.02445930477728E-6
6.282250248834408E-7	6.02445930477728E-6
6.292481926764105E-7	1.204891860955456E-5
6.302713604693802E-7	6.02445930477728E-6
6.312945282623501E-7	6.02445930477728E-6
6.323176960553198E-7	1.204891860955456E-5
6.333408638482896E-7	6.02445930477728E-6
6.415262061920478E-7	1.807337791433184E-5
6.435725417779874E-7	6.02445930477728E-6
6.445957095709571E-7	6.02445930477728E-6
6.49711548535806E-7	6.02445930477728E-6
6.507347163287757E-7	6.02445930477728E-6
6.58920058672534E-7	6.02445930477728E-6
6.599432264655037E-7	6.02445930477728E-6
6.619895620514433E-7	6.02445930477728E-6
6.640358976373828E-7	6.02445930477728E-6
6.671054010162921E-7	6.02445930477728E-6
6.732444077741107E-7	6.02445930477728E-6
6.742675755670805E-7	6.02445930477728E-6
6.752907433600503E-7	6.02445930477728E-6
6.7631391115302E-7	6.02445930477728E-6
6.773370789459898E-7	6.02445930477728E-6
6.793834145319294E-7	6.02445930477728E-6
6.824529179108387E-7	6.02445930477728E-6
6.85522421289748E-7	1.204891860955456E-5
6.885919246686573E-7	6.02445930477728E-6
6.967772670124156E-7	1.204891860955456E-5
6.978004348053853E-7	6.02445930477728E-6
7.008699381842946E-7	6.02445930477728E-6
7.018931059772643E-7	6.02445930477728E-6
7.029162737702342E-7	1.204891860955456E-5
7.049626093561737E-7	6.02445930477728E-6
7.070089449421133E-7	1.204891860955456E-5
7.100784483210226E-7	1.807337791433184E-5
7.111016161139923E-7	1.807337791433184E-5
7.131479516999319E-7	6.02445930477728E-6
7.141711194929016E-7	6.02445930477728E-6
7.182637906647808E-7	6.02445930477728E-6
7.213332940436901E-7	1.204891860955456E-5
7.233796296296296E-7	6.02445930477728E-6
7.244027974225994E-7	1.204891860955456E-5
7.254259652155692E-7	6.02445930477728E-6
7.264491330085389E-7	6.02445930477728E-6
7.325881397663576E-7	6.02445930477728E-6
7.336113075593274E-7	6.02445930477728E-6
7.366808109382367E-7	6.02445930477728E-6
7.377039787312065E-7	6.02445930477728E-6
7.387271465241762E-7	6.02445930477728E-6
7.407734821101158E-7	6.02445930477728E-6
7.417966499030855E-7	6.02445930477728E-6
7.428198176960554E-7	1.204891860955456E-5
7.469124888679344E-7	6.02445930477728E-6
7.520283278327833E-7	6.02445930477728E-6
7.571441667976321E-7	1.204891860955456E-5
7.602136701765414E-7	6.02445930477728E-6
7.643063413484206E-7	6.02445930477728E-6
7.673758447273299E-7	6.02445930477728E-6
7.683990125202997E-7	1.204891860955456E-5
7.694221803132694E-7	6.02445930477728E-6
7.704453481062392E-7	6.02445930477728E-6
7.724916836921787E-7	6.02445930477728E-6
7.745380192781183E-7	6.02445930477728E-6
7.786306904499974E-7	6.02445930477728E-6
7.817001938289067E-7	6.02445930477728E-6
7.827233616218764E-7	6.02445930477728E-6
7.84769697207816E-7	6.02445930477728E-6
7.878392005867253E-7	6.02445930477728E-6
7.888623683796951E-7	6.02445930477728E-6
7.950013751375137E-7	6.02445930477728E-6
8.001172141023626E-7	6.02445930477728E-6
8.031867174812719E-7	6.02445930477728E-6
8.083025564461208E-7	6.02445930477728E-6
8.103488920320603E-7	6.02445930477728E-6
8.123952276179999E-7	6.02445930477728E-6
8.154647309969092E-7	1.204891860955456E-5
8.16487898789879E-7	6.02445930477728E-6
8.216037377547279E-7	6.02445930477728E-6
8.246732411336372E-7	6.02445930477728E-6
8.256964089266069E-7	6.02445930477728E-6
8.287659123055162E-7	6.02445930477728E-6
8.338817512703651E-7	6.02445930477728E-6
8.349049190633349E-7	6.02445930477728E-6
8.369512546492745E-7	1.204891860955456E-5
8.400207580281838E-7	6.02445930477728E-6
8.410439258211535E-7	6.02445930477728E-6
8.492292681649117E-7	6.02445930477728E-6
8.533219393367908E-7	6.02445930477728E-6
8.543451071297606E-7	6.02445930477728E-6
8.594609460946094E-7	6.02445930477728E-6
8.604841138875793E-7	1.204891860955456E-5
8.635536172664886E-7	6.02445930477728E-6
8.645767850594583E-7	6.02445930477728E-6
8.655999528524281E-7	6.02445930477728E-6
8.676462884383677E-7	1.204891860955456E-5
8.727621274032166E-7	1.204891860955456E-5
8.758316307821259E-7	6.02445930477728E-6
8.768547985750956E-7	6.02445930477728E-6
8.809474697469747E-7	6.02445930477728E-6
8.850401409188537E-7	6.02445930477728E-6
8.911791476766724E-7	6.02445930477728E-6
8.962949866415213E-7	6.02445930477728E-6
9.024339933993399E-7	6.02445930477728E-6
9.055034967782492E-7	6.02445930477728E-6
9.106193357430981E-7	6.02445930477728E-6
9.198278458798261E-7	6.02445930477728E-6
9.208510136727958E-7	6.02445930477728E-6
9.310826916024935E-7	6.02445930477728E-6
9.321058593954634E-7	6.02445930477728E-6
9.331290271884331E-7	6.02445930477728E-6
9.341521949814029E-7	6.02445930477728E-6
9.38244866153282E-7	6.02445930477728E-6
9.494997118759495E-7	6.02445930477728E-6
9.525692152548588E-7	6.02445930477728E-6
9.535923830478286E-7	6.02445930477728E-6
9.566618864267378E-7	6.02445930477728E-6
9.587082220126775E-7	6.02445930477728E-6
9.668935643564357E-7	6.02445930477728E-6
9.771252422861335E-7	6.02445930477728E-6
9.801947456650427E-7	6.02445930477728E-6
9.853105846298916E-7	6.02445930477728E-6
9.863337524228613E-7	6.02445930477728E-6
9.883800880088008E-7	1.204891860955456E-5
9.894032558017707E-7	6.02445930477728E-6
9.904264235947405E-7	1.807337791433184E-5
9.934959269736497E-7	6.02445930477728E-6
9.965654303525591E-7	6.02445930477728E-6
1.0108897794541359E-6	6.02445930477728E-6
1.0139592828330453E-6	6.02445930477728E-6
1.014982450626015E-6	6.02445930477728E-6
1.0221446251768034E-6	6.02445930477728E-6
1.0426079810361988E-6	1.204891860955456E-5
1.0436311488291686E-6	6.02445930477728E-6
1.0446543166221383E-6	6.02445930477728E-6
1.0497701555869872E-6	6.02445930477728E-6
1.0538628267588664E-6	6.02445930477728E-6
1.0620481691026245E-6	6.02445930477728E-6
1.0753493504112315E-6	1.204891860955456E-5
1.0814883571690501E-6	6.02445930477728E-6
1.0835346927549898E-6	6.02445930477728E-6
1.0906968673057782E-6	6.02445930477728E-6
1.0927432028917177E-6	6.02445930477728E-6
1.0958127062706271E-6	6.02445930477728E-6
1.0988822096495363E-6	1.204891860955456E-5
1.099905377442506E-6	6.02445930477728E-6
1.1019517130284458E-6	6.02445930477728E-6
1.105021216407355E-6	6.02445930477728E-6
1.1080907197862644E-6	6.02445930477728E-6
1.1111602231651736E-6	6.02445930477728E-6
1.1398089213683273E-6	1.204891860955456E-5
1.1428784247472366E-6	6.02445930477728E-6
1.1531101026769344E-6	1.204891860955456E-5
1.154133270469904E-6	6.02445930477728E-6
1.1653881161925716E-6	6.02445930477728E-6
1.1715271229503903E-6	6.02445930477728E-6
1.17255029074336E-6	6.02445930477728E-6
1.1756197941222695E-6	6.02445930477728E-6
1.177666129708209E-6	6.02445930477728E-6
1.181758800880088E-6	6.02445930477728E-6
1.1878978076379067E-6	6.02445930477728E-6
1.199152653360574E-6	6.02445930477728E-6
1.2073379957043324E-6	6.02445930477728E-6
1.2114306668762113E-6	6.02445930477728E-6
1.21756967363403E-6	6.02445930477728E-6
1.2278013515637278E-6	1.204891860955456E-5
1.240079365079365E-6	6.02445930477728E-6
1.2431488684582745E-6	6.02445930477728E-6
1.245195204044214E-6	6.02445930477728E-6
1.2513342108020326E-6	6.02445930477728E-6
1.2646353921106396E-6	6.02445930477728E-6
1.2687280632825188E-6	6.02445930477728E-6
1.2707743988684583E-6	6.02445930477728E-6
1.3014694326575515E-6	6.02445930477728E-6
1.3055621038294307E-6	6.02445930477728E-6
1.3065852716224004E-6	1.204891860955456E-5
1.3229559563099166E-6	6.02445930477728E-6
1.3321644664466447E-6	6.02445930477728E-6
1.3587668290638587E-6	6.02445930477728E-6
1.3751375137513752E-6	6.02445930477728E-6
1.3853691916810728E-6	1.204891860955456E-5
1.3945777018178008E-6	6.02445930477728E-6
1.4293654067787732E-6	6.02445930477728E-6
1.438573916915501E-6	6.02445930477728E-6
1.4733616218764734E-6	6.02445930477728E-6
1.4774542930483524E-6	6.02445930477728E-6
1.4784774608413221E-6	1.204891860955456E-5
1.4825701320132013E-6	6.02445930477728E-6
1.4856396353921107E-6	6.02445930477728E-6
1.4866628031850805E-6	6.02445930477728E-6
1.48870913877102E-6	6.02445930477728E-6
1.4917786421499294E-6	6.02445930477728E-6
1.5009871522866572E-6	6.02445930477728E-6
1.5173578369741737E-6	6.02445930477728E-6
1.5183810047671434E-6	6.02445930477728E-6
1.53372852166169E-6	6.02445930477728E-6
1.5582845486929645E-6	6.02445930477728E-6
1.5634003876578134E-6	6.02445930477728E-6
1.5726088977945414E-6	6.02445930477728E-6
1.57874790455236E-6	6.02445930477728E-6
1.582840575724239E-6	6.02445930477728E-6
1.5992112604117555E-6	6.02445930477728E-6
1.6073966027555136E-6	6.02445930477728E-6
1.6493464822672743E-6	6.02445930477728E-6
1.650369650060244E-6	6.02445930477728E-6
1.6524159856461838E-6	6.02445930477728E-6
1.6626476635758814E-6	6.02445930477728E-6
1.6667403347477605E-6	1.204891860955456E-5
1.6698098381266697E-6	6.02445930477728E-6
1.6800415160563675E-6	6.02445930477728E-6
1.7352925768767353E-6	6.02445930477728E-6
1.7475705903923726E-6	6.02445930477728E-6
1.754732764943161E-6	6.02445930477728E-6
1.7588254361150401E-6	6.02445930477728E-6
1.7762192885955261E-6	6.02445930477728E-6
1.7844046309392844E-6	6.02445930477728E-6
1.7854277987322542E-6	6.02445930477728E-6
1.7966826444549217E-6	6.02445930477728E-6
1.7987289800408612E-6	6.02445930477728E-6
1.8110069935564985E-6	6.02445930477728E-6
1.8181691681072869E-6	6.02445930477728E-6
1.8570495442401384E-6	6.02445930477728E-6
1.8601190476190476E-6	6.02445930477728E-6
1.8693275577557755E-6	6.02445930477728E-6
1.8908140814081408E-6	6.02445930477728E-6
1.8969530881659595E-6	6.02445930477728E-6
1.9286712897480226E-6	6.02445930477728E-6
1.9327639609199016E-6	6.02445930477728E-6
1.9378797998847503E-6	6.02445930477728E-6
1.9429956388495994E-6	6.02445930477728E-6
1.9593663235371156E-6	6.02445930477728E-6
1.9634589947089946E-6	6.02445930477728E-6
1.98392235056839E-6	6.02445930477728E-6
2.011547880978574E-6	6.02445930477728E-6
2.0156405521504533E-6	6.02445930477728E-6
2.0361039080098485E-6	6.02445930477728E-6
2.087262297658337E-6	6.02445930477728E-6
2.1179573314474305E-6	6.02445930477728E-6
2.129212177170098E-6	6.02445930477728E-6
2.1322816805490073E-6	6.02445930477728E-6
2.1353511839279165E-6	6.02445930477728E-6
2.1404670228927656E-6	6.02445930477728E-6
2.1711620566818586E-6	6.02445930477728E-6
2.1752547278537376E-6	6.02445930477728E-6
2.1987875870920424E-6	6.02445930477728E-6
2.20901926502174E-6	6.02445930477728E-6
2.2581313190842893E-6	6.02445930477728E-6
2.286780017287443E-6	6.02445930477728E-6
2.308266540939808E-6	6.02445930477728E-6
2.3174750510765363E-6	6.02445930477728E-6
2.3348689035570222E-6	6.02445930477728E-6
2.3604480983812665E-6	6.02445930477728E-6
2.4095601524438157E-6	6.02445930477728E-6
2.4249076693383626E-6	6.02445930477728E-6
2.4689038844360626E-6	6.02445930477728E-6
2.539502462150977E-6	6.02445930477728E-6
2.562012153596312E-6	6.02445930477728E-6
2.57019749594007E-6	6.02445930477728E-6
2.5732669993189797E-6	6.02445930477728E-6
2.585545012834617E-6	6.02445930477728E-6
2.6008925297291635E-6	6.02445930477728E-6
2.625448556760438E-6	6.02445930477728E-6
2.639772905862015E-6	6.02445930477728E-6
2.6551204227565613E-6	6.02445930477728E-6
2.6817227853737754E-6	6.02445930477728E-6
2.6940007988894126E-6	6.02445930477728E-6
2.6991166378542618E-6	6.02445930477728E-6
2.7963175781863903E-6	6.02445930477728E-6
2.845429632248939E-6	6.02445930477728E-6
2.877147833831002E-6	6.02445930477728E-6
2.9017038608622767E-6	6.02445930477728E-6
2.9978816334014355E-6	6.02445930477728E-6
3.0060669757451934E-6	6.02445930477728E-6
3.02243766043271E-6	6.02445930477728E-6
3.0255071638116193E-6	6.02445930477728E-6
3.0572253653936824E-6	6.02445930477728E-6
3.125777607522657E-6	6.02445930477728E-6
3.1513568023469013E-6	6.02445930477728E-6
3.174889661585206E-6	6.02445930477728E-6
3.3058551390853373E-6	6.02445930477728E-6
3.3375733406674E-6	6.02445930477728E-6
3.341666011839279E-6	6.02445930477728E-6
3.3549671931478864E-6	6.02445930477728E-6
3.396917072659647E-6	6.02445930477728E-6
3.4030560794174654E-6	6.02445930477728E-6
3.4890021740269263E-6	6.02445930477728E-6
3.558577583948871E-6	6.02445930477728E-6
3.6639638666247575E-6	6.02445930477728E-6
3.7621879747498558E-6	6.02445930477728E-6
3.766280645921735E-6	6.02445930477728E-6
4.084485829535335E-6	6.02445930477728E-6
4.099833346429881E-6	6.02445930477728E-6
4.157130742836189E-6	6.02445930477728E-6
4.234891495101891E-6	6.02445930477728E-6
4.267632864476924E-6	6.02445930477728E-6
4.322883925297291E-6	6.02445930477728E-6
4.323907093090261E-6	6.02445930477728E-6
4.3985983419770545E-6	6.02445930477728E-6
4.448733563832573E-6	6.02445930477728E-6
4.488637107758395E-6	6.02445930477728E-6
4.6697378071140445E-6	6.02445930477728E-6
4.697363337524228E-6	6.02445930477728E-6
4.930645594321337E-6	6.02445930477728E-6
4.933715097700246E-6	6.02445930477728E-6
5.0472867227198915E-6	6.02445930477728E-6
5.120954803813714E-6	6.02445930477728E-6
5.311264013306092E-6	6.02445930477728E-6
5.5547779480328985E-6	6.02445930477728E-6
5.573194968306355E-6	6.02445930477728E-6
5.641747210435329E-6	6.02445930477728E-6
5.645839881607209E-6	6.02445930477728E-6
5.650955720572057E-6	6.02445930477728E-6
5.747133493111216E-6	6.02445930477728E-6
5.754295667662004E-6	6.02445930477728E-6
5.944604877154382E-6	6.02445930477728E-6
6.005994944732568E-6	6.02445930477728E-6
6.071477683482634E-6	6.02445930477728E-6
6.107288556236576E-6	6.02445930477728E-6
6.231091859185918E-6	6.02445930477728E-6
6.370242679029808E-6	6.02445930477728E-6
6.609663942584735E-6	6.02445930477728E-6
6.956517824401487E-6	6.02445930477728E-6
7.051672429147676E-6	6.02445930477728E-6
7.2266341217455076E-6	6.02445930477728E-6
7.474240727644193E-6	6.02445930477728E-6
7.723893669128818E-6	6.02445930477728E-6
7.964338100476715E-6	6.02445930477728E-6
8.107581591492482E-6	6.02445930477728E-6
8.909745141180785E-6	6.02445930477728E-6
8.938393839383938E-6	6.02445930477728E-6
9.152235908114622E-6	6.02445930477728E-6
9.549225011786894E-6	6.02445930477728E-6
1.0886505317198386E-5	6.02445930477728E-6
1.0894690659542145E-5	6.02445930477728E-6
1.136739417989418E-5	6.02445930477728E-6
1.145743294567552E-5	6.02445930477728E-6
1.1540309536906072E-5	6.02445930477728E-6
1.1658997000890565E-5	6.02445930477728E-6
1.1665136007648384E-5	6.02445930477728E-6
1.1751082102257845E-5	6.02445930477728E-6
1.249799459112578E-5	6.02445930477728E-6
1.3146682971868615E-5	6.02445930477728E-6
1.3327783671224266E-5	6.02445930477728E-6
1.3550834250091676E-5	6.02445930477728E-6
1.3795371352611451E-5	6.02445930477728E-6
1.4330488108334643E-5	6.02445930477728E-6
1.4424619545287862E-5	6.02445930477728E-6
1.5826359421656453E-5	6.02445930477728E-6
1.7062346115563937E-5	6.02445930477728E-6
1.9141423070878517E-5	6.02445930477728E-6
1.922123015873016E-5	6.02445930477728E-6
2.5319310204830006E-5	6.02445930477728E-6
2.63823815417256E-5	6.02445930477728E-6
